TECHNOLOGIES	 c_inv	 c_maint	 lifetime	  f_min	 f	 f_max	 fmin_perc	f_perc	 fmax_perc	 c_p	 c_p_max	 tau	 gwp_constr
 UNITS	[M€/GW]	 [M€/GW/y]	 [y]	 [GW or GWh]	 [GW or GWh]	 [GW or GWh]	 [0-1]	 [0-1]	 [0-1]	 [0-1]	 [0-1]	 [-]	 [ktCO2-eq./GW or GWh] 
NUCLEAR	10345.633549	219.757655	60.000000	2.134000	2.135000	2.135000	0.000000	0.189016	1.000000	0.850000	0.850000	0.025393	1511.323800
CCGT	0.000362	0.000009	25.000000	0.000000	0.000000	Infinity	0.000000	0.000000	1.000000	0.000353	0.955769	0.048263	0.000081
CCGT_AMMONIA	0.000352	0.000008	25.000000	0.000000	0.000000	Infinity	0.000000	0.000000	1.000000	0.000297	0.590000	0.048263	0.000078
COAL_US	0.000000	0.000000	35.000000	0.000000	0.000000	0.000000	0.000000	0.000000	1.000000	0.000000	0.862792	0.036934	0.000000
COAL_IGCC	0.000000	0.000000	35.000000	0.000000	0.000000	0.000000	0.000000	0.000000	1.000000	0.000000	0.850864	0.036934	0.000000
PV_ROOFTOP	3904.839501	51.472885	25.000000	0.000000	5.291923	15.000000	0.000000	0.062284	1.000000	0.113000	1.000000	0.048263	11014.767014
PV_UTILITY	3354.029999	84.329909	25.000000	0.000000	10.000000	10.000000	0.000000	0.117696	1.000000	0.113000	1.000000	0.048263	20814.299991
PT_POWER_BLOCK	0.000000	0.000000	25.000000	0.000000	0.000000	0.000000	0.000000	0.000000	1.000000	0.000000	1.000000	0.048263	0.000000
ST_POWER_BLOCK	0.000000	0.000000	25.000000	0.000000	0.000000	0.000000	0.000000	0.000000	1.000000	0.000000	1.000000	0.048263	0.000000
WIND_ONSHORE	6052.387998	89.146000	30.000000	0.000000	5.300000	5.300000	0.000000	0.126966	1.000000	0.230000	1.000000	0.041639	3301.104999
WIND_OFFSHORE	0.000000	0.000000	30.000000	0.000000	0.000000	0.000000	0.000000	0.000000	1.000000	0.000000	1.000000	0.041639	0.000000
HYDRO_DAM	35789.956696	205.672792	40.000000	8.080000	8.520000	8.520000	0.000000	0.207653	1.000000	0.234000	1.000000	0.033427	14423.337060
HYDRO_RIVER	23458.877951	250.495499	40.000000	3.800000	4.650000	4.650000	0.000000	0.234413	1.000000	0.484000	1.000000	0.033427	5872.112988
TIDAL	0.000000	0.000000	40.000000	0.000000	0.000000	0.000000	0.000000	0.000000	1.000000	0.000000	1.000000	0.033427	0.000000
WAVE	0.000000	0.000000	20.000000	0.000000	0.000000	0.000000	0.000000	0.000000	0.000000	0.000000	1.000000	0.058246	0.000000
GEOTHERMAL	6135.051988	99.590400	30.000000	0.000000	0.700000	0.700000	0.000000	0.061973	1.000000	0.850000	0.850000	0.041639	17450.362966
IND_COGEN_GAS	0.000278	0.000017	25.000000	0.000000	0.000000	Infinity	0.000000	0.000000	1.000000	0.000301	0.844900	0.048263	0.000187
IND_COGEN_WOOD	0.000446	0.000015	25.000000	0.000000	0.000000	Infinity	0.000000	0.000000	1.000000	0.001117	0.844900	0.048263	0.000063
IND_COGEN_WASTE	0.000478	0.000017	25.000000	0.000000	0.000000	Infinity	0.000000	0.000000	1.000000	0.000547	0.844900	0.048263	0.000097
IND_BOILER_GAS	0.000264	0.000004	17.000000	0.000000	0.000004	Infinity	0.000000	0.000000	1.000000	0.000704	0.944300	0.067080	0.000046
IND_BOILER_WOOD	78.581736	1.309650	17.000000	0.000000	0.568527	Infinity	0.000000	0.172791	1.000000	0.666599	0.894600	0.067080	16.413361
IND_BOILER_OIL	0.000259	0.000005	17.000000	0.000000	0.000004	Infinity	0.000000	0.000000	1.000000	0.000627	0.944300	0.067080	0.000048
IND_BOILER_COAL	18.932850	0.315537	17.000000	0.000000	0.136976	Infinity	0.000000	0.042722	1.000000	0.684074	0.894600	0.067080	6.599513
IND_BOILER_WASTE	205.638714	3.427193	17.000000	0.000000	1.487764	Infinity	0.000000	0.475535	1.000000	0.701041	0.894600	0.067080	42.951741
IND_DIRECT_ELEC	648.452323	2.521413	15.000000	0.000000	1.672433	Infinity	0.000000	0.308951	1.000000	0.405169	0.944300	0.074944	2.458476
DHN_HP_ELEC	1506.124253	45.654161	25.000000	0.000000	3.805939	Infinity	0.000000	1.000000	1.000000	0.587164	0.944300	0.048263	665.240083
DHN_COGEN_GAS	0.000318	0.000009	25.000000	0.000000	0.000000	Infinity	0.000000	0.000000	1.000000	0.000243	0.844900	0.048263	0.000115
DHN_COGEN_WOOD	0.000312	0.000011	25.000000	0.000000	0.000000	Infinity	0.000000	0.000000	1.000000	0.000452	0.844900	0.048263	0.000044
DHN_COGEN_WASTE	0.000391	0.000014	25.000000	0.000000	0.000000	Infinity	0.000000	0.000000	1.000000	0.000299	0.844900	0.048263	0.000080
DHN_COGEN_WET_BIOMASS	0.000147	0.000023	25.000000	0.000000	0.000000	Infinity	0.000000	0.000000	1.000000	0.000205	0.745500	0.048263	0.000101
DHN_COGEN_BIO_HYDROLYSIS	0.000380	0.000017	15.000000	0.000000	0.000000	Infinity	0.000000	0.000000	1.000000	0.000361	0.844900	0.074944	0.000050
DHN_BOILER_GAS	0.000062	0.000001	17.000000	0.000000	0.000001	Infinity	0.000000	0.000000	1.000000	0.000373	0.944300	0.067080	0.000011
DHN_BOILER_WOOD	0.000121	0.000002	17.000000	0.000000	0.000001	Infinity	0.000000	0.000000	1.000000	0.000855	0.894600	0.067080	0.000025
DHN_BOILER_OIL	0.000058	0.000001	17.000000	0.000000	0.000001	Infinity	0.000000	0.000000	1.000000	0.000355	0.944300	0.067080	0.000011
DHN_DEEP_GEO	0.000000	0.000000	30.000000	0.000000	0.000000	0.000000	0.000000	0.000000	1.000000	0.000000	0.844900	0.041639	0.000000
DHN_SOLAR	0.000309	0.000000	30.000000	0.000000	0.000001	30.000000	0.000000	0.000000	1.000000	0.000683	1.000000	0.041639	0.000179
DEC_HP_ELEC	6971.717794	259.852088	18.000000	0.000000	12.344130	Infinity	0.000000	1.000000	1.000000	0.405040	1.000000	0.063806	2035.423611
DEC_THHP_GAS	0.000383	0.000010	20.000000	0.000000	0.000001	Infinity	0.000000	0.000000	1.000000	0.001928	1.000000	0.058246	0.000404
DEC_COGEN_GAS	0.000255	0.000015	20.000000	0.000000	0.000000	Infinity	0.000000	0.000000	1.000000	0.000309	1.000000	0.058246	0.000171
DEC_COGEN_OIL	0.000257	0.000015	20.000000	0.000000	0.000000	Infinity	0.000000	0.000000	1.000000	0.000313	1.000000	0.058246	0.000186
DEC_ADVCOGEN_GAS	0.000440	0.000009	20.000000	0.000000	0.000000	Infinity	0.000000	0.000000	1.000000	0.000141	1.000000	0.058246	0.000133
DEC_ADVCOGEN_H2	0.000400	0.000006	20.000000	0.000000	0.000000	Infinity	0.000000	0.000000	1.000000	0.000072	1.000000	0.058246	0.000096
DEC_BOILER_GAS	0.000249	0.000006	17.000000	0.000000	0.000001	Infinity	0.000000	0.000000	1.000000	0.000564	1.000000	0.067080	0.000028
DEC_BOILER_WOOD	0.000369	0.000011	17.000000	0.000000	0.000001	Infinity	0.000000	0.000000	1.000000	0.001426	1.000000	0.067080	0.000014
DEC_BOILER_OIL	0.000198	0.000010	17.000000	0.000000	0.000001	Infinity	0.000000	0.000000	1.000000	0.000545	1.000000	0.067080	0.000024
DEC_SOLAR	0.004062	0.000043	20.000000	0.000000	0.000005	30.000000	0.000000	0.000000	1.000000	0.003873	1.000000	0.058246	0.001186
DEC_DIRECT_ELEC	0.000276	0.000001	15.000000	0.000000	0.000006	Infinity	0.000000	0.000000	1.000000	0.000661	1.000000	0.074944	0.000009
DEC_THHP_GAS_COLD	0.000308	0.000009	20.000000	0.000000	0.000001	Infinity	0.000000	0.057856	1.000000	0.000851	1.000000	0.058246	0.000347
DEC_ELEC_COLD	0.000934	0.000039	18.000000	0.000000	0.000002	Infinity	0.000000	0.942144	1.000000	0.013850	1.000000	0.063806	0.000291
IND_ELEC_COLD	125.179284	1.010892	20.000000	0.000000	0.188248	Infinity	0.000000	1.000000	1.000000	0.950000	0.950000	0.058246	32.903871
TRAMWAY_TROLLEY	0.000000	0.000000	30.000000	0.000000	0.000000	Infinity	0.000000	0.000000	0.000000	0.000000	0.342466	0.041639	0.000000
BUS_COACH_DIESEL	8114.579833	429.015979	15.000000	0.000000	14.040523	Infinity	0.000000	0.500000	1.000000	0.296804	0.296804	0.074944	0.000000
BUS_COACH_HYDIESEL	0.000000	0.000000	15.000000	0.000000	0.000000	Infinity	0.000000	0.000000	0.000000	0.000000	0.296804	0.074944	0.000000
BUS_COACH_CNG_STOICH	0.000000	0.000000	15.000000	0.000000	0.000000	Infinity	0.000000	0.000000	0.000000	0.000000	0.296804	0.074944	0.000000
BUS_COACH_FC_HYBRIDH2	0.000000	0.000000	15.000000	0.000000	0.000000	Infinity	0.000000	0.000000	0.000000	0.000000	0.296804	0.074944	0.000000
TRAIN_PUB	60240.800000	2174.109974	40.000000	40.000000	40.000000	Infinity	0.000000	0.500000	0.500000	0.104182	0.275073	0.033427	0.000000
CAR_GASOLINE	0.000039	0.000002	10.000000	0.000000	0.000000	Infinity	0.000000	0.000000	1.000000	0.000057	0.051370	0.108434	0.000000
CAR_DIESEL	0.000031	0.000002	10.000000	0.000000	0.000000	Infinity	0.000000	0.000000	1.000000	0.000050	0.051370	0.108434	0.000000
CAR_NG	0.000046	0.000003	10.000000	0.000000	0.000000	Infinity	0.000000	0.000000	1.000000	0.000074	0.051370	0.108434	0.000000
CAR_METHANOL	0.000028	0.000002	10.000000	0.000000	0.000000	Infinity	0.000000	0.000000	1.000000	0.000052	0.051370	0.108434	0.000000
CAR_HEV	0.000032	0.000003	10.000000	0.000000	0.000000	Infinity	0.000000	0.000000	1.000000	0.000054	0.051370	0.108434	0.000000
CAR_PHEV	0.011743	0.000875	10.000000	0.000000	0.000026	Infinity	0.000000	0.000000	1.000000	0.007387	0.051370	0.108434	0.000000
CAR_BEV	70387.194378	1622.460281	10.000000	0.000000	162.246028	Infinity	0.000000	1.000000	1.000000	0.051370	0.051370	0.108434	0.000000
CAR_FUEL_CELL	0.000044	0.000001	10.000000	0.000000	0.000000	Infinity	0.000000	0.000000	1.000000	0.000053	0.051370	0.108434	0.000000
TRAIN_FREIGHT	347.778743	6.955281	40.000000	0.000000	3.330576	Infinity	0.000000	1.000000	1.000000	0.342466	0.342466	0.033427	0.000000
BOAT_FREIGHT_DIESEL	0.000000	0.000000	40.000000	0.000000	0.000000	Infinity	0.000000	0.000000	0.000000	0.000000	0.114155	0.033427	0.000000
BOAT_FREIGHT_NG	0.000000	0.000000	40.000000	0.000000	0.000000	Infinity	0.000000	0.000000	0.000000	0.000000	0.114155	0.033427	0.000000
BOAT_FREIGHT_METHANOL	0.000000	0.000000	40.000000	0.000000	0.000000	Infinity	0.000000	0.000000	0.000000	0.000000	0.114155	0.033427	0.000000
TRUCK_DIESEL	0.000079	0.000004	15.000000	0.000000	0.000000	Infinity	0.000000	0.000000	1.000000	0.000212	0.092593	0.074944	0.000000
TRUCK_METHANOL	0.000011	0.000001	15.000000	0.000000	0.000000	Infinity	0.000000	0.000000	1.000000	0.000030	0.092593	0.074944	0.000000
TRUCK_FUEL_CELL	6870.431926	192.721975	15.000000	0.000000	15.971434	Infinity	0.000000	0.432178	1.000000	0.092593	0.092593	0.074944	0.000000
TRUCK_ELEC	0.000053	0.000001	15.000000	0.000000	0.000000	Infinity	0.000000	0.000000	1.000000	0.000064	0.092593	0.074944	0.000000
TRUCK_NG	7455.292044	389.374819	15.000000	0.000000	20.984272	Infinity	0.000000	0.567822	1.000000	0.092593	0.092593	0.074944	0.000000
HABER_BOSCH	0.000326	0.000006	20.000000	0.000000	0.000000	Infinity	0.000000	1.000000	1.000000	0.000317	0.994000	0.058246	0.000000
OIL_TO_HVC	0.000382	0.000002	15.000000	0.000000	0.000001	Infinity	0.000000	0.000001	1.000000	0.001475	0.994000	0.074944	0.000000
GAS_TO_HVC	0.000337	0.000007	25.000000	0.000000	0.000000	Infinity	0.000000	0.000000	1.000000	0.000179	0.994000	0.048263	0.000000
BIOMASS_TO_HVC	332.117383	5.214876	20.000000	0.000000	0.100286	Infinity	0.000000	0.999997	1.000000	0.994000	0.994000	0.058246	0.000000
METHANOL_TO_HVC	0.000273	0.000022	20.000000	0.000000	0.000000	Infinity	0.000000	0.000001	1.000000	0.001402	0.994000	0.058246	0.000000
SYN_METHANOLATION	0.000478	0.000009	20.000000	0.000000	0.000000	Infinity	0.000000	0.000012	1.000000	0.000668	0.944300	0.058246	0.000000
METHANE_TO_METHANOL	0.000377	0.000013	25.000000	0.000000	0.000000	Infinity	0.000000	0.000011	1.000000	0.000614	0.844900	0.048263	0.000000
BIOMASS_TO_METHANOL	27.410524	0.220406	20.000000	0.000000	0.005725	Infinity	0.000000	0.999977	1.000000	0.994000	0.994000	0.058246	0.000000
DAM_STORAGE	0.000000	0.000000	1.000000	7500.000000	9899.998260	9900.000000	0.000000	-1.000000	1.000000	0.000156	1.000000	1.015000	
PHS	39519.903329	0.000000	50.000000	369.000000	369.000031	1700.000000	0.000000	-1.000000	1.000000	0.000289	1.000000	0.028572	
BATT_LI	0.001334	0.000002	15.000000	0.000000	0.000003	Infinity	0.000000	-1.000000	1.000000	0.000343	1.000000	0.074944	
BEV_BATT	0.000000	0.000000	1.000000	0.000000	160.958361	Infinity	0.000000	-1.000000	1.000000	0.004268	1.000000	1.015000	
PHEV_BATT	0.000000	0.000000	1.000000	0.000000	0.000005	Infinity	0.000000	-1.000000	1.000000	0.000361	1.000000	1.015000	
TS_DEC_DIRECT_ELEC	0.001328	0.000009	20.000000	0.000000	0.000070	Infinity	0.000000	-1.000000	1.000000	0.000576	1.000000	0.058246	
TS_DEC_HP_ELEC	737.120797	5.160339	20.000000	0.000000	38.857185	Infinity	0.000000	-1.000000	1.000000	0.033339	1.000000	0.058246	
TS_DEC_THHP_GAS	0.001321	0.000009	20.000000	0.000000	0.000070	Infinity	0.000000	-1.000000	1.000000	0.000921	1.000000	0.058246	
TS_DEC_COGEN_GAS	0.001326	0.000009	20.000000	0.000000	0.000070	Infinity	0.000000	-1.000000	1.000000	0.000512	1.000000	0.058246	
TS_DEC_COGEN_OIL	0.001336	0.000009	20.000000	0.000000	0.000070	Infinity	0.000000	-1.000000	1.000000	0.000518	1.000000	0.058246	
TS_DEC_ADVCOGEN_GAS	0.001321	0.000009	20.000000	0.000000	0.000070	Infinity	0.000000	-1.000000	1.000000	0.000394	1.000000	0.058246	
TS_DEC_ADVCOGEN_H2	0.001316	0.000009	20.000000	0.000000	0.000069	Infinity	0.000000	-1.000000	1.000000	0.000267	1.000000	0.058246	
TS_DEC_BOILER_GAS	0.001325	0.000009	20.000000	0.000000	0.000070	Infinity	0.000000	-1.000000	1.000000	0.000551	1.000000	0.058246	
TS_DEC_BOILER_WOOD	0.001340	0.000009	20.000000	0.000000	0.000071	Infinity	0.000000	-1.000000	1.000000	0.000808	1.000000	0.058246	
TS_DEC_BOILER_OIL	0.001342	0.000009	20.000000	0.000000	0.000071	Infinity	0.000000	-1.000000	1.000000	0.000589	1.000000	0.058246	
TS_DHN_DAILY	0.002138	0.000006	40.000000	0.000000	0.000713	Infinity	0.000000	-1.000000	1.000000	0.000614	1.000000	0.033427	
TS_DHN_SEASONAL	671.926029	3.416573	25.000000	0.000000	1138.857677	Infinity	0.000000	-1.000000	1.000000	0.000583	1.000000	0.048263	
TS_HIGH_TEMP	0.001744	0.000017	25.000000	0.000000	0.000062	Infinity	0.000000	-1.000000	1.000000	0.002384	1.000000	0.048263	
GAS_STORAGE	10.325699	0.270361	50.000000	0.000000	206.513988	Infinity	0.000000	-1.000000	1.000000	0.000116	1.000000	0.028572	
H2_STORAGE	0.418723	0.002029	20.000000	0.000000	0.067645	Infinity	0.000000	-1.000000	1.000000	0.011299	1.000000	0.058246	
DIESEL_STORAGE	0.004915	0.000195	20.000000	0.000000	0.491468	Infinity	0.000000	-1.000000	1.000000	0.000170	1.000000	0.058246	
GASOLINE_STORAGE	0.004924	0.000195	20.000000	0.000000	0.492428	Infinity	0.000000	-1.000000	1.000000	0.000000	1.000000	0.058246	
LFO_STORAGE	0.004968	0.000197	20.000000	0.000000	0.496835	Infinity	0.000000	-1.000000	1.000000	0.000000	1.000000	0.058246	
AMMONIA_STORAGE	0.004967	0.000197	20.000000	0.000000	0.496727	Infinity	0.000000	-1.000000	1.000000	0.000032	1.000000	0.058246	
METHANOL_STORAGE	0.005190	0.000206	20.000000	0.000000	0.519007	Infinity	0.000000	-1.000000	1.000000	0.000061	1.000000	0.058246	
CO2_STORAGE	0.023689	0.000237	30.000000	0.000000	0.000479	Infinity	0.000000	-1.000000	1.000000	0.000010	1.000000	0.041639	
PT_STORAGE	0.000000	0.000000	25.000000	0.000000	0.000000	0.000000	0.000000	-1.000000	1.000000	0.000000	1.000000	0.048263	
ST_STORAGE	0.000000	0.000000	25.000000	0.000000	0.000000	0.000000	0.000000	-1.000000	1.000000	0.000000	1.000000	0.048263	
TS_COLD	0.012335	0.000148	20.000000	0.000000	0.000493	Infinity	0.000000	-1.000000	1.000000	0.002743	1.000000	0.058246	
CAES	0.020807	0.001699	50.000000	0.000000	0.000534	Infinity	0.000000	-1.000000	1.000000	0.011234	1.000000	0.028572	
EFFICIENCY	0.000000	0.000000	1.000000	0.000000	0.985222	Infinity	0.000000	-1.000000	1.000000	0.000000	1.000000	1.015000	
DHN	3146.476813	0.000000	60.000000	0.000000	3.809847	Infinity	0.000000	-1.000000	1.000000	0.000000	1.000000	0.025393	
GRID	82492.769229	0.000000	80.000000	0.000000	1.101092	Infinity	0.000000	-1.000000	1.000000	0.000000	1.000000	0.021548	
PT_COLLECTOR	0.000000	0.000000	25.000000	0.000000	0.000000	0.000000	0.000000	-1.000000	1.000000	0.000000	1.000000	0.048263	
ST_COLLECTOR	0.000000	0.000000	25.000000	0.000000	0.000000	0.000000	0.000000	-1.000000	1.000000	0.000000	1.000000	0.048263	
H2_ELECTROLYSIS	274.630615	1.888086	15.000000	0.000000	0.098617	Infinity	0.000000	-1.000000	1.000000	0.894600	0.894600	0.074944	
SMR	0.013312	0.001106	25.000000	0.000000	0.000017	Infinity	0.000000	-1.000000	1.000000	0.071424	0.854840	0.048263	
H2_BIOMASS	0.000575	0.000023	25.000000	0.000000	0.000000	Infinity	0.000000	-1.000000	1.000000	0.000577	0.854840	0.048263	
GASIFICATION_SNG	0.000788	0.000028	25.000000	0.000000	0.000000	Infinity	0.000000	-1.000000	1.000000	0.001428	0.844900	0.048263	
SYN_METHANATION	0.000121	0.000023	40.000000	0.000000	0.000000	Infinity	0.000000	-1.000000	1.000000	0.000648	1.000000	0.033427	
BIOMETHANATION	0.000667	0.000008	20.000000	0.000000	0.000001	Infinity	0.000000	-1.000000	1.000000	0.003422	0.844900	0.058246	
BIO_HYDROLYSIS	650.161585	38.949353	15.000000	0.000000	0.358856	Infinity	0.000000	-1.000000	1.000000	0.844900	0.844900	0.074944	
PYROLYSIS_TO_LFO	0.001243	0.000030	25.000000	0.000000	0.000000	Infinity	0.000000	-1.000000	1.000000	0.003867	0.844900	0.048263	
PYROLYSIS_TO_FUELS	0.000486	0.000007	25.000000	0.000000	0.000000	Infinity	0.000000	-1.000000	1.000000	0.000327	0.844900	0.048263	
ATM_CCS	0.000468	0.000011	40.000000	0.000000	0.000000	Infinity	0.000000	-1.000000	1.000000	0.000106	1.000000	0.033427	
INDUSTRY_CCS	0.000463	0.000011	40.000000	0.000000	0.000000	Infinity	0.000000	-1.000000	1.000000	0.000212	1.000000	0.033427	
AMMONIA_TO_H2	0.000544	0.000044	25.000000	0.000000	0.000001	Infinity	0.000000	-1.000000	1.000000	0.002592	0.854840	0.048263	