Name	C_inv	C_maint	C_op
NUCLEAR	262.711095	219.757655	0.000000
CCGT	0.000017	0.000009	0.000000
CCGT_AMMONIA	0.000017	0.000008	0.000000
COAL_US	0.000000	0.000000	0.000000
COAL_IGCC	0.000000	0.000000	0.000000
PV_ROOFTOP	188.461041	51.472885	0.000000
PV_UTILITY	161.877072	84.329909	0.000000
PT_POWER_BLOCK	0.000000	0.000000	0.000000
ST_POWER_BLOCK	0.000000	0.000000	0.000000
WIND_ONSHORE	252.016523	89.146000	0.000000
WIND_OFFSHORE	0.000000	0.000000	0.000000
HYDRO_DAM	1196.354522	205.672792	0.000000
HYDRO_RIVER	784.162299	250.495499	0.000000
TIDAL	0.000000	0.000000	0.000000
WAVE	0.000000	0.000000	0.000000
GEOTHERMAL	255.458585	99.590400	0.000000
IND_COGEN_GAS	0.000013	0.000017	0.000000
IND_COGEN_WOOD	0.000022	0.000015	0.000000
IND_COGEN_WASTE	0.000023	0.000017	0.000000
IND_BOILER_GAS	0.000018	0.000004	0.000000
IND_BOILER_WOOD	5.271236	1.309650	0.000000
IND_BOILER_OIL	0.000017	0.000005	0.000000
IND_BOILER_COAL	1.270009	0.315537	0.000000
IND_BOILER_WASTE	13.794174	3.427193	0.000000
IND_DIRECT_ELEC	48.597842	2.521413	0.000000
DHN_HP_ELEC	72.690758	45.654161	0.000000
DHN_COGEN_GAS	0.000015	0.000009	0.000000
DHN_COGEN_WOOD	0.000015	0.000011	0.000000
DHN_COGEN_WASTE	0.000019	0.000014	0.000000
DHN_COGEN_WET_BIOMASS	0.000007	0.000023	0.000000
DHN_COGEN_BIO_HYDROLYSIS	0.000028	0.000017	0.000000
DHN_BOILER_GAS	0.000004	0.000001	0.000000
DHN_BOILER_WOOD	0.000008	0.000002	0.000000
DHN_BOILER_OIL	0.000004	0.000001	0.000000
DHN_DEEP_GEO	0.000000	0.000000	0.000000
DHN_SOLAR	0.000013	0.000000	0.000000
DEC_HP_ELEC	444.835904	259.852088	0.000000
DEC_THHP_GAS	0.000022	0.000010	0.000000
DEC_COGEN_GAS	0.000015	0.000015	0.000000
DEC_COGEN_OIL	0.000015	0.000015	0.000000
DEC_ADVCOGEN_GAS	0.000026	0.000009	0.000000
DEC_ADVCOGEN_H2	0.000023	0.000006	0.000000
DEC_BOILER_GAS	0.000017	0.000006	0.000000
DEC_BOILER_WOOD	0.000025	0.000011	0.000000
DEC_BOILER_OIL	0.000013	0.000010	0.000000
DEC_SOLAR	0.000237	0.000043	0.000000
DEC_DIRECT_ELEC	0.000021	0.000001	0.000000
DEC_THHP_GAS_COLD	0.000018	0.000009	0.000000
DEC_ELEC_COLD	0.000060	0.000039	0.000000
IND_ELEC_COLD	7.291160	1.010892	0.000000
TRAMWAY_TROLLEY	0.000000	0.000000	0.000000
BUS_COACH_DIESEL	608.141957	429.015979	0.000000
BUS_COACH_HYDIESEL	0.000000	0.000000	0.000000
BUS_COACH_CNG_STOICH	0.000000	0.000000	0.000000
BUS_COACH_FC_HYBRIDH2	0.000000	0.000000	0.000000
TRAIN_PUB	2013.675348	2174.109974	0.000000
CAR_GASOLINE	0.000004	0.000002	0.000000
CAR_DIESEL	0.000003	0.000002	0.000000
CAR_NG	0.000005	0.000003	0.000000
CAR_METHANOL	0.000003	0.000002	0.000000
CAR_HEV	0.000003	0.000003	0.000000
CAR_PHEV	0.001273	0.000875	0.000000
CAR_BEV	7632.377555	1622.460281	0.000000
CAR_FUEL_CELL	0.000005	0.000001	0.000000
TRAIN_FREIGHT	11.625235	6.955281	0.000000
BOAT_FREIGHT_DIESEL	0.000000	0.000000	0.000000
BOAT_FREIGHT_NG	0.000000	0.000000	0.000000
BOAT_FREIGHT_METHANOL	0.000000	0.000000	0.000000
TRUCK_DIESEL	0.000006	0.000004	0.000000
TRUCK_METHANOL	0.000001	0.000001	0.000000
TRUCK_FUEL_CELL	514.900094	192.721975	0.000000
TRUCK_ELEC	0.000004	0.000001	0.000000
TRUCK_NG	558.732058	389.374819	0.000000
HABER_BOSCH	0.000019	0.000006	0.000000
OIL_TO_HVC	0.000029	0.000002	0.000000
GAS_TO_HVC	0.000016	0.000007	0.000000
BIOMASS_TO_HVC	19.344421	5.214876	0.000000
METHANOL_TO_HVC	0.000016	0.000022	0.000000
SYN_METHANOLATION	0.000028	0.000009	0.000000
METHANE_TO_METHANOL	0.000018	0.000013	0.000000
BIOMASS_TO_METHANOL	1.596546	0.220406	0.000000
DAM_STORAGE	0.000000	0.000000	0.000000
PHS	1129.150158	0.000000	0.000000
BATT_LI	0.000100	0.000002	0.000000
BEV_BATT	0.000000	0.000000	0.000000
PHEV_BATT	0.000000	0.000000	0.000000
TS_DEC_DIRECT_ELEC	0.000077	0.000009	0.000000
TS_DEC_HP_ELEC	42.934143	5.160339	0.000000
TS_DEC_THHP_GAS	0.000077	0.000009	0.000000
TS_DEC_COGEN_GAS	0.000077	0.000009	0.000000
TS_DEC_COGEN_OIL	0.000078	0.000009	0.000000
TS_DEC_ADVCOGEN_GAS	0.000077	0.000009	0.000000
TS_DEC_ADVCOGEN_H2	0.000077	0.000009	0.000000
TS_DEC_BOILER_GAS	0.000077	0.000009	0.000000
TS_DEC_BOILER_WOOD	0.000078	0.000009	0.000000
TS_DEC_BOILER_OIL	0.000078	0.000009	0.000000
TS_DHN_DAILY	0.000071	0.000006	0.000000
TS_DHN_SEASONAL	32.429471	3.416573	0.000000
TS_HIGH_TEMP	0.000084	0.000017	0.000000
GAS_STORAGE	0.295023	0.270361	0.000000
H2_STORAGE	0.024389	0.002029	0.000000
DIESEL_STORAGE	0.000286	0.000195	0.000000
GASOLINE_STORAGE	0.000287	0.000195	0.000000
LFO_STORAGE	0.000289	0.000197	0.000000
AMMONIA_STORAGE	0.000289	0.000197	0.000000
METHANOL_STORAGE	0.000302	0.000206	0.000000
CO2_STORAGE	0.000986	0.000237	0.000000
PT_STORAGE	0.000000	0.000000	0.000000
ST_STORAGE	0.000000	0.000000	0.000000
TS_COLD	0.000718	0.000148	0.000000
CAES	0.000594	0.001699	0.000000
EFFICIENCY	0.000000	0.000000	0.000000
DHN	79.899831	0.000000	0.000000
GRID	1777.580843	0.000000	0.000000
PT_COLLECTOR	0.000000	0.000000	0.000000
ST_COLLECTOR	0.000000	0.000000	0.000000
H2_ELECTROLYSIS	20.582015	1.888086	0.000000
SMR	0.000643	0.001106	0.000000
H2_BIOMASS	0.000028	0.000023	0.000000
GASIFICATION_SNG	0.000038	0.000028	0.000000
SYN_METHANATION	0.000004	0.000023	0.000000
BIOMETHANATION	0.000039	0.000008	0.000000
BIO_HYDROLYSIS	48.725941	38.949353	0.000000
PYROLYSIS_TO_LFO	0.000060	0.000030	0.000000
PYROLYSIS_TO_FUELS	0.000023	0.000007	0.000000
ATM_CCS	0.000016	0.000011	0.000000
INDUSTRY_CCS	0.000015	0.000011	0.000000
AMMONIA_TO_H2	0.000026	0.000044	0.000000
ELECTRICITY	0.000000	0.000000	0.000225
GASOLINE	0.000000	0.000000	0.000017
DIESEL	0.000000	0.000000	0.000207
BIOETHANOL	0.000000	0.000000	0.000029
BIODIESEL	0.000000	0.000000	1163.786990
LFO	0.000000	0.000000	0.000068
GAS	0.000000	0.000000	327.002250
GAS_RE	0.000000	0.000000	0.000147
WOOD	0.000000	0.000000	0.000000
WET_BIOMASS	0.000000	0.000000	0.000000
COAL	0.000000	0.000000	17.675540
URANIUM	0.000000	0.000000	166.553442
WASTE	0.000000	0.000000	257.166908
H2	0.000000	0.000000	0.000000
H2_RE	0.000000	0.000000	587.627503
AMMONIA	0.000000	0.000000	0.000027
METHANOL	0.000000	0.000000	0.000041
AMMONIA_RE	0.000000	0.000000	6.293054
METHANOL_RE	0.000000	0.000000	0.000766
ELEC_EXPORT	0.000000	0.000000	0.000000
CO2_EMISSIONS	0.000000	0.000000	0.000000
RES_WIND	0.000000	0.000000	0.000000
RES_SOLAR	0.000000	0.000000	0.000000
RES_HYDRO	0.000000	0.000000	0.000000
RES_GEO	0.000000	0.000000	0.000000
CO2_ATM	0.000000	0.000000	0.000000
CO2_INDUSTRY	0.000000	0.000000	0.000000
CO2_CAPTURED	0.000000	0.000000	0.000000
PT_HEAT	0.000000	0.000000	0.000000
ST_HEAT	0.000000	0.000000	0.000000
