TECHNOLOGIES	 c_inv	 c_maint	 lifetime	  f_min	 f	 f_max	 fmin_perc	f_perc	 fmax_perc	 c_p	 c_p_max	 tau	 gwp_constr
 UNITS	[M€/GW]	 [M€/GW/y]	 [y]	 [GW or GWh]	 [GW or GWh]	 [GW or GWh]	 [0-1]	 [0-1]	 [0-1]	 [0-1]	 [0-1]	 [-]	 [ktCO2-eq./GW or GWh] 
NUCLEAR	0.000000	0.000000	60.000000	0.000000	0.000000	0.000000	0.000000	0.000000	1.000000	0.000000	0.850000	0.025393	0.000000
CCGT	3513.014172	83.917944	25.000000	0.000000	4.253250	Infinity	0.000000	0.067311	1.000000	0.184973	0.955769	0.048263	781.704773
CCGT_AMMONIA	0.001526	0.000036	25.000000	0.000000	0.000002	Infinity	0.000000	0.000000	1.000000	0.001867	0.590000	0.048263	0.000340
COAL_US	0.000000	0.000000	35.000000	0.000000	0.000000	0.000000	0.000000	0.000000	1.000000	0.000000	0.862792	0.036934	0.000000
COAL_IGCC	0.015442	0.000226	35.000000	0.000000	0.000005	Infinity	0.000000	0.000000	1.000000	0.034927	0.850864	0.036934	0.001528
PV_ROOFTOP	16585.408714	218.625844	25.000000	0.000000	22.476904	27.150000	0.000000	0.212953	1.000000	0.110737	1.000000	0.048263	46784.102844
PV_UTILITY	10749.666146	270.277359	25.000000	0.000000	32.050000	32.050000	0.000000	0.308513	1.000000	0.112510	1.000000	0.048263	66709.831474
PT_POWER_BLOCK	0.000000	0.000000	25.000000	0.000000	0.000000	0.000000	0.000000	0.000000	1.000000	0.000000	1.000000	0.048263	0.000000
ST_POWER_BLOCK	0.000000	0.000000	25.000000	0.000000	0.000000	0.000000	0.000000	0.000000	1.000000	0.000000	1.000000	0.048263	0.000000
WIND_ONSHORE	11419.599998	168.200000	30.000000	0.000000	10.000000	10.000000	0.000000	0.202073	1.000000	0.236186	1.000000	0.041639	6228.499999
WIND_OFFSHORE	32143.799959	311.231987	30.000000	0.000000	6.000000	6.000000	0.000000	0.204540	1.000000	0.398450	1.000000	0.041639	3737.099995
HYDRO_DAM	0.020157	0.000101	40.000000	0.000000	0.000005	0.001000	0.000000	0.000000	1.000000	0.000000	1.000000	0.033427	0.008123
HYDRO_RIVER	580.165793	5.801152	40.000000	0.000000	0.115000	0.115000	0.000000	0.004610	1.000000	0.468531	1.000000	0.033427	145.224298
TIDAL	0.000000	0.000000	40.000000	0.000000	0.000000	0.000000	0.000000	0.000000	1.000000	0.000000	1.000000	0.033427	0.000000
WAVE	0.000000	0.000000	20.000000	0.000000	0.000000	0.000000	0.000000	0.000000	0.000000	0.000000	1.000000	0.058246	0.000000
GEOTHERMAL	0.000000	0.000000	30.000000	0.000000	0.000000	0.000000	0.000000	0.000000	1.000000	0.000000	0.850000	0.041639	0.000000
IND_COGEN_GAS	3310.562471	200.639167	25.000000	0.000000	2.166457	Infinity	0.000000	0.252670	1.000000	0.837149	0.844900	0.048263	2219.144919
IND_COGEN_WOOD	0.001488	0.000051	25.000000	0.000000	0.000001	Infinity	0.000000	0.000000	1.000000	0.003566	0.844900	0.048263	0.000210
IND_COGEN_WASTE	0.001673	0.000059	25.000000	0.000000	0.000001	Infinity	0.000000	0.000000	1.000000	0.002433	0.844900	0.048263	0.000340
IND_BOILER_GAS	0.001102	0.000018	17.000000	0.000000	0.000016	Infinity	0.000000	0.000000	1.000000	0.013416	0.944300	0.067080	0.000192
IND_BOILER_WOOD	0.001395	0.000023	17.000000	0.000000	0.000010	Infinity	0.000000	0.000000	1.000000	0.017956	0.894600	0.067080	0.000291
IND_BOILER_OIL	0.000814	0.000015	17.000000	0.000000	0.000012	Infinity	0.000000	0.000000	1.000000	0.002158	0.944300	0.067080	0.000152
IND_BOILER_COAL	481.614475	8.026629	17.000000	0.000000	3.484405	Infinity	0.000000	0.434268	1.000000	0.894600	0.894600	0.067080	167.878638
IND_BOILER_WASTE	257.856325	4.297456	17.000000	0.000000	1.865550	Infinity	0.000000	0.232507	1.000000	0.894600	0.894600	0.067080	53.858429
IND_DIRECT_ELEC	2200.647025	8.556896	15.000000	0.000000	5.675720	Infinity	0.000000	0.080555	1.000000	0.101875	0.944300	0.074944	8.343309
DHN_HP_ELEC	2731.556265	82.799882	25.000000	0.000000	6.902576	Infinity	0.000000	0.999999	1.000000	0.620546	0.944300	0.048263	1206.501199
DHN_COGEN_GAS	0.004584	0.000126	25.000000	0.000000	0.000003	Infinity	0.000000	0.000000	1.000000	0.010573	0.844900	0.048263	0.001653
DHN_COGEN_WOOD	0.001059	0.000037	25.000000	0.000000	0.000001	Infinity	0.000000	0.000000	1.000000	0.001573	0.844900	0.048263	0.000149
DHN_COGEN_WASTE	0.001312	0.000046	25.000000	0.000000	0.000000	Infinity	0.000000	0.000000	1.000000	0.001191	0.844900	0.048263	0.000267
DHN_COGEN_WET_BIOMASS	0.000757	0.000116	25.000000	0.000000	0.000001	Infinity	0.000000	0.000000	1.000000	0.002462	0.745500	0.048263	0.000520
DHN_COGEN_BIO_HYDROLYSIS	0.003041	0.000137	15.000000	0.000000	0.000001	Infinity	0.000000	0.000000	1.000000	0.005024	0.844900	0.074944	0.000400
DHN_BOILER_GAS	0.000212	0.000004	17.000000	0.000000	0.000003	Infinity	0.000000	0.000000	1.000000	0.001907	0.944300	0.067080	0.000037
DHN_BOILER_WOOD	0.000366	0.000006	17.000000	0.000000	0.000003	Infinity	0.000000	0.000000	1.000000	0.002330	0.894600	0.067080	0.000077
DHN_BOILER_OIL	0.000191	0.000003	17.000000	0.000000	0.000003	Infinity	0.000000	0.000000	1.000000	0.001223	0.944300	0.067080	0.000036
DHN_DEEP_GEO	0.000000	0.000000	30.000000	0.000000	0.000000	0.000000	0.000000	0.000000	1.000000	0.000000	0.844900	0.041639	0.000000
DHN_SOLAR	0.000815	0.000001	30.000000	0.000000	0.000002	111.780000	0.000000	0.000000	1.000000	0.001081	1.000000	0.041639	0.000473
DEC_HP_ELEC	10005.766589	372.938121	18.000000	0.000000	17.716220	Infinity	0.000000	0.784584	1.000000	0.430096	1.000000	0.063806	2921.227474
DEC_THHP_GAS	1777.516036	46.441456	20.000000	0.000000	4.905522	Infinity	0.000000	0.215415	1.000000	0.426470	1.000000	0.058246	1873.566165
DEC_COGEN_GAS	0.002415	0.000146	20.000000	0.000000	0.000002	Infinity	0.000000	0.000000	1.000000	0.005130	1.000000	0.058246	0.001619
DEC_COGEN_OIL	0.001437	0.000083	20.000000	0.000000	0.000001	Infinity	0.000000	0.000000	1.000000	0.001426	1.000000	0.058246	0.001039
DEC_ADVCOGEN_GAS	0.003693	0.000074	20.000000	0.000000	0.000001	Infinity	0.000000	0.000000	1.000000	0.001771	1.000000	0.058246	0.001118
DEC_ADVCOGEN_H2	0.002596	0.000041	20.000000	0.000000	0.000000	Infinity	0.000000	0.000000	1.000000	0.000560	1.000000	0.058246	0.000620
DEC_BOILER_GAS	0.001489	0.000037	17.000000	0.000000	0.000008	Infinity	0.000000	0.000000	1.000000	0.003703	1.000000	0.067080	0.000165
DEC_BOILER_WOOD	0.001716	0.000050	17.000000	0.000000	0.000003	Infinity	0.000000	0.000000	1.000000	0.004218	1.000000	0.067080	0.000065
DEC_BOILER_OIL	0.001139	0.000057	17.000000	0.000000	0.000007	Infinity	0.000000	0.000000	1.000000	0.001826	1.000000	0.067080	0.000141
DEC_SOLAR	0.014676	0.000157	20.000000	0.000000	0.000019	111.780000	0.000000	0.000000	1.000000	0.008528	1.000000	0.058246	0.004286
DEC_DIRECT_ELEC	0.001481	0.000006	15.000000	0.000000	0.000034	Infinity	0.000000	0.000000	1.000000	0.002054	1.000000	0.074944	0.000050
DEC_THHP_GAS_COLD	0.001200	0.000035	20.000000	0.000000	0.000004	Infinity	0.000000	0.290386	1.000000	0.009207	1.000000	0.058246	0.001351
DEC_ELEC_COLD	0.002584	0.000108	18.000000	0.000000	0.000005	Infinity	0.000000	0.709614	1.000000	0.022499	1.000000	0.063806	0.000806
IND_ELEC_COLD	833.286768	6.729251	20.000000	0.000000	1.253119	Infinity	0.000000	1.000000	1.000000	0.950000	0.950000	0.058246	219.032729
TRAMWAY_TROLLEY	0.000000	0.000000	30.000000	0.000000	0.000000	Infinity	0.000000	0.000000	0.000000	0.000000	0.342466	0.041639	0.000000
BUS_COACH_DIESEL	8401.036823	444.160895	15.000000	0.000000	14.536175	Infinity	0.000000	0.500000	1.000000	0.296804	0.296804	0.074944	0.000000
BUS_COACH_HYDIESEL	0.000000	0.000000	15.000000	0.000000	0.000000	Infinity	0.000000	0.000000	0.000000	0.000000	0.296804	0.074944	0.000000
BUS_COACH_CNG_STOICH	0.000000	0.000000	15.000000	0.000000	0.000000	Infinity	0.000000	0.000000	0.000000	0.000000	0.296804	0.074944	0.000000
BUS_COACH_FC_HYBRIDH2	0.000000	0.000000	15.000000	0.000000	0.000000	Infinity	0.000000	0.000000	0.000000	0.000000	0.296804	0.074944	0.000000
TRAIN_PUB	60240.800000	2174.109974	40.000000	40.000000	40.000000	Infinity	0.000000	0.500000	0.500000	0.107860	0.275073	0.033427	0.000000
CAR_GASOLINE	0.000172	0.000010	10.000000	0.000000	0.000000	Infinity	0.000000	0.000000	1.000000	0.000522	0.051370	0.108434	0.000000
CAR_DIESEL	0.000126	0.000007	10.000000	0.000000	0.000000	Infinity	0.000000	0.000000	1.000000	0.000463	0.051370	0.108434	0.000000
CAR_NG	0.000192	0.000011	10.000000	0.000000	0.000000	Infinity	0.000000	0.000000	1.000000	0.000419	0.051370	0.108434	0.000000
CAR_METHANOL	0.000101	0.000006	10.000000	0.000000	0.000000	Infinity	0.000000	0.000000	1.000000	0.000629	0.051370	0.108434	0.000000
CAR_HEV	0.000110	0.000009	10.000000	0.000000	0.000000	Infinity	0.000000	0.000000	1.000000	0.000511	0.051370	0.108434	0.000000
CAR_PHEV	0.038489	0.002867	10.000000	0.000000	0.000084	Infinity	0.000000	0.000000	1.000000	0.026706	0.051370	0.108434	0.000000
CAR_BEV	72871.954571	1679.735255	10.000000	0.000000	167.973526	Infinity	0.000000	1.000000	1.000000	0.051370	0.051370	0.108434	0.000000
CAR_FUEL_CELL	0.000142	0.000002	10.000000	0.000000	0.000000	Infinity	0.000000	0.000000	1.000000	0.000374	0.051370	0.108434	0.000000
TRAIN_FREIGHT	737.042694	14.740231	40.000000	0.000000	7.058444	Infinity	0.000000	1.000000	1.000000	0.342466	0.342466	0.033427	0.000000
BOAT_FREIGHT_DIESEL	0.000000	0.000000	40.000000	0.000000	0.000000	Infinity	0.000000	0.000000	0.000000	0.000000	0.114155	0.033427	0.000000
BOAT_FREIGHT_NG	0.000000	0.000000	40.000000	0.000000	0.000000	Infinity	0.000000	0.000000	0.000000	0.000000	0.114155	0.033427	0.000000
BOAT_FREIGHT_METHANOL	0.000000	0.000000	40.000000	0.000000	0.000000	Infinity	0.000000	0.000000	0.000000	0.000000	0.114155	0.033427	0.000000
TRUCK_DIESEL	0.000152	0.000008	15.000000	0.000000	0.000000	Infinity	0.000000	0.000000	1.000000	0.000497	0.092593	0.074944	0.000000
TRUCK_METHANOL	0.000008	0.000000	15.000000	0.000000	0.000000	Infinity	0.000000	0.000000	1.000000	0.000111	0.092593	0.074944	0.000000
TRUCK_FUEL_CELL	0.003497	0.000098	15.000000	0.000000	0.000008	Infinity	0.000000	0.000000	1.000000	0.007663	0.092593	0.074944	0.000000
TRUCK_ELEC	0.000160	0.000004	15.000000	0.000000	0.000000	Infinity	0.000000	0.000000	1.000000	0.000762	0.092593	0.074944	0.000000
TRUCK_NG	27825.425148	1453.265656	15.000000	0.000000	78.319706	Infinity	0.000000	1.000000	1.000000	0.092593	0.092593	0.074944	0.000000
HABER_BOSCH	0.001268	0.000022	20.000000	0.000000	0.000001	Infinity	0.000000	1.000000	1.000000	0.001975	0.994000	0.058246	0.000000
OIL_TO_HVC	1811.262569	8.461020	15.000000	0.000000	4.029057	Infinity	0.000000	0.842310	1.000000	0.994000	0.994000	0.074944	0.000000
GAS_TO_HVC	0.001237	0.000027	25.000000	0.000000	0.000001	Infinity	0.000000	0.000000	1.000000	0.001276	0.994000	0.048263	0.000000
BIOMASS_TO_HVC	2497.962480	39.222770	20.000000	0.000000	0.754284	Infinity	0.000000	0.157690	1.000000	0.994000	0.994000	0.058246	0.000000
METHANOL_TO_HVC	0.001363	0.000108	20.000000	0.000000	0.000002	Infinity	0.000000	0.000000	1.000000	0.011760	0.994000	0.058246	0.000000
SYN_METHANOLATION	0.001957	0.000035	20.000000	0.000000	0.000001	Infinity	0.000000	0.000002	1.000000	0.003837	0.944300	0.058246	0.000000
METHANE_TO_METHANOL	0.007181	0.000249	25.000000	0.000000	0.000006	Infinity	0.000000	0.000028	1.000000	0.049853	0.844900	0.048263	0.000000
BIOMASS_TO_METHANOL	849.929650	6.834230	20.000000	0.000000	0.177512	Infinity	0.000000	0.999970	1.000000	0.994000	0.994000	0.058246	0.000000
DAM_STORAGE	0.000000	0.000000	1.000000	0.000000	43.041508	8970.000000	0.000000	-1.000000	1.000000	0.000000	1.000000	1.015000	
PHS	696.145892	0.000000	50.000000	5.000000	6.499962	6.500000	0.000000	-1.000000	1.000000	0.020755	1.000000	0.028572	
BATT_LI	0.005287	0.000007	15.000000	0.000000	0.000011	Infinity	0.000000	-1.000000	1.000000	0.002688	1.000000	0.074944	
BEV_BATT	0.000000	0.000000	1.000000	0.000000	166.640402	Infinity	0.000000	-1.000000	1.000000	0.003496	1.000000	1.015000	
PHEV_BATT	0.000000	0.000000	1.000000	0.000000	0.000017	Infinity	0.000000	-1.000000	1.000000	0.001217	1.000000	1.015000	
TS_DEC_DIRECT_ELEC	0.003325	0.000023	20.000000	0.000000	0.000175	Infinity	0.000000	-1.000000	1.000000	0.001010	1.000000	0.058246	
TS_DEC_HP_ELEC	1057.332549	7.402036	20.000000	0.000000	55.737087	Infinity	0.000000	-1.000000	1.000000	0.030976	1.000000	0.058246	
TS_DEC_THHP_GAS	116.269208	0.813962	20.000000	0.000000	6.129110	Infinity	0.000000	-1.000000	1.000000	0.049273	1.000000	0.058246	
TS_DEC_COGEN_GAS	0.003320	0.000023	20.000000	0.000000	0.000175	Infinity	0.000000	-1.000000	1.000000	0.001001	1.000000	0.058246	
TS_DEC_COGEN_OIL	0.003311	0.000023	20.000000	0.000000	0.000175	Infinity	0.000000	-1.000000	1.000000	0.000784	1.000000	0.058246	
TS_DEC_ADVCOGEN_GAS	0.003342	0.000023	20.000000	0.000000	0.000176	Infinity	0.000000	-1.000000	1.000000	0.000769	1.000000	0.058246	
TS_DEC_ADVCOGEN_H2	0.003321	0.000023	20.000000	0.000000	0.000175	Infinity	0.000000	-1.000000	1.000000	0.000486	1.000000	0.058246	
TS_DEC_BOILER_GAS	0.003315	0.000023	20.000000	0.000000	0.000175	Infinity	0.000000	-1.000000	1.000000	0.001005	1.000000	0.058246	
TS_DEC_BOILER_WOOD	0.003387	0.000024	20.000000	0.000000	0.000179	Infinity	0.000000	-1.000000	1.000000	0.000993	1.000000	0.058246	
TS_DEC_BOILER_OIL	0.003357	0.000024	20.000000	0.000000	0.000177	Infinity	0.000000	-1.000000	1.000000	0.000847	1.000000	0.058246	
TS_DHN_DAILY	0.005722	0.000016	40.000000	0.000000	0.001907	Infinity	0.000000	-1.000000	1.000000	0.000669	1.000000	0.033427	
TS_DHN_SEASONAL	758.313618	3.855832	25.000000	0.000000	1285.277318	Infinity	0.000000	-1.000000	1.000000	0.001133	1.000000	0.048263	
TS_HIGH_TEMP	58.428000	0.583655	25.000000	0.000000	2.084481	Infinity	0.000000	-1.000000	1.000000	0.027457	1.000000	0.048263	
GAS_STORAGE	488.023607	12.778059	50.000000	0.000000	9760.472144	Infinity	0.000000	-1.000000	1.000000	0.000126	1.000000	0.028572	
H2_STORAGE	0.035098	0.000170	20.000000	0.000000	0.005670	Infinity	0.000000	-1.000000	1.000000	0.000022	1.000000	0.058246	
DIESEL_STORAGE	0.012862	0.000511	20.000000	0.000000	1.286177	Infinity	0.000000	-1.000000	1.000000	0.000180	1.000000	0.058246	
GASOLINE_STORAGE	0.012833	0.000509	20.000000	0.000000	1.283280	Infinity	0.000000	-1.000000	1.000000	0.000000	1.000000	0.058246	
LFO_STORAGE	0.013237	0.000525	20.000000	0.000000	1.323660	Infinity	0.000000	-1.000000	1.000000	0.000009	1.000000	0.058246	
AMMONIA_STORAGE	0.012715	0.000505	20.000000	0.000000	1.271453	Infinity	0.000000	-1.000000	1.000000	0.000029	1.000000	0.058246	
METHANOL_STORAGE	0.052028	0.002066	20.000000	0.000000	5.202775	Infinity	0.000000	-1.000000	1.000000	0.000195	1.000000	0.058246	
CO2_STORAGE	0.054489	0.000545	30.000000	0.000000	0.001101	Infinity	0.000000	-1.000000	1.000000	0.000017	1.000000	0.041639	
PT_STORAGE	0.000000	0.000000	25.000000	0.000000	0.000000	0.000000	0.000000	-1.000000	1.000000	0.000000	1.000000	0.048263	
ST_STORAGE	0.000000	0.000000	25.000000	0.000000	0.000000	0.000000	0.000000	-1.000000	1.000000	0.000000	1.000000	0.048263	
TS_COLD	0.028488	0.000342	20.000000	0.000000	0.001140	Infinity	0.000000	-1.000000	1.000000	0.002542	1.000000	0.058246	
CAES	0.000000	0.000000	50.000000	0.000000	0.000000	0.000000	0.000000	-1.000000	1.000000	0.000000	1.000000	0.028572	
EFFICIENCY	0.000000	0.000000	1.000000	0.000000	0.985222	Infinity	0.000000	-1.000000	1.000000	0.000000	1.000000	1.015000	
DHN	5752.734438	0.000000	60.000000	0.000000	6.965581	Infinity	0.000000	-1.000000	1.000000	0.000000	1.000000	0.025393	
GRID	100858.855380	0.000000	80.000000	0.000000	1.346238	Infinity	0.000000	-1.000000	1.000000	0.000000	1.000000	0.021548	
PT_COLLECTOR	0.000000	0.000000	25.000000	0.000000	0.000000	0.000000	0.000000	-1.000000	1.000000	0.000000	1.000000	0.048263	
ST_COLLECTOR	0.000000	0.000000	25.000000	0.000000	0.000000	0.000000	0.000000	-1.000000	1.000000	0.000000	1.000000	0.048263	
H2_ELECTROLYSIS	0.001687	0.000012	15.000000	0.000000	0.000001	Infinity	0.000000	-1.000000	1.000000	0.001667	0.894600	0.074944	
SMR	0.001369	0.000114	25.000000	0.000000	0.000002	Infinity	0.000000	-1.000000	1.000000	0.011871	0.854840	0.048263	
H2_BIOMASS	0.001292	0.000053	25.000000	0.000000	0.000000	Infinity	0.000000	-1.000000	1.000000	0.000848	0.854840	0.048263	
GASIFICATION_SNG	0.001502	0.000052	25.000000	0.000000	0.000000	Infinity	0.000000	-1.000000	1.000000	0.001452	0.844900	0.048263	
SYN_METHANATION	0.000402	0.000077	40.000000	0.000000	0.000001	Infinity	0.000000	-1.000000	1.000000	0.001653	1.000000	0.033427	
BIOMETHANATION	0.003720	0.000045	20.000000	0.000000	0.000003	Infinity	0.000000	-1.000000	1.000000	0.025363	0.844900	0.058246	
BIO_HYDROLYSIS	2936.905039	175.941727	15.000000	0.000000	1.621023	Infinity	0.000000	-1.000000	1.000000	0.844900	0.844900	0.074944	
PYROLYSIS_TO_LFO	0.002319	0.000055	25.000000	0.000000	0.000001	Infinity	0.000000	-1.000000	1.000000	0.005039	0.844900	0.048263	
PYROLYSIS_TO_FUELS	0.001682	0.000025	25.000000	0.000000	0.000001	Infinity	0.000000	-1.000000	1.000000	0.001072	0.844900	0.048263	
ATM_CCS	0.001622	0.000039	40.000000	0.000000	0.000000	Infinity	0.000000	-1.000000	1.000000	0.000375	1.000000	0.033427	
INDUSTRY_CCS	0.001767	0.000043	40.000000	0.000000	0.000001	Infinity	0.000000	-1.000000	1.000000	0.001031	1.000000	0.033427	
AMMONIA_TO_H2	0.000781	0.000063	25.000000	0.000000	0.000001	Infinity	0.000000	-1.000000	1.000000	0.001334	0.854840	0.048263	