Name	C_inv	C_maint	C_op
NUCLEAR	262.588045	219.654724	0.000000
CCGT	0.000085	0.000042	0.000000
CCGT_AMMONIA	0.000006	0.000003	0.000000
COAL_US	0.000000	0.000000	0.000000
COAL_IGCC	0.000000	0.000000	0.000000
PV_ROOFTOP	0.000008	0.000002	0.000000
PV_UTILITY	148.702487	77.466605	0.000000
PT_POWER_BLOCK	0.000000	0.000000	0.000000
ST_POWER_BLOCK	0.000000	0.000000	0.000000
WIND_ONSHORE	4.814600	1.703072	0.000000
WIND_OFFSHORE	0.000000	0.000000	0.000000
HYDRO_DAM	1134.570998	195.051200	0.000000
HYDRO_RIVER	640.820805	204.706000	0.000000
TIDAL	0.000000	0.000000	0.000000
WAVE	0.000000	0.000000	0.000000
GEOTHERMAL	0.000018	0.000007	0.000000
IND_COGEN_GAS	0.000015	0.000019	0.000000
IND_COGEN_WOOD	0.000008	0.000005	0.000000
IND_COGEN_WASTE	0.000007	0.000005	0.000000
IND_BOILER_GAS	7.936686	1.975392	0.000000
IND_BOILER_WOOD	6.136505	1.524628	0.000000
IND_BOILER_OIL	0.000005	0.000001	0.000000
IND_BOILER_COAL	0.000044	0.000011	0.000000
IND_BOILER_WASTE	0.000007	0.000002	0.000000
IND_DIRECT_ELEC	0.000008	0.000000	0.000000
DHN_HP_ELEC	19.235010	12.080742	0.000000
DHN_COGEN_GAS	0.000111	0.000063	0.000000
DHN_COGEN_WOOD	0.000006	0.000005	0.000000
DHN_COGEN_WASTE	0.000007	0.000005	0.000000
DHN_COGEN_WET_BIOMASS	0.000008	0.000025	0.000000
DHN_COGEN_BIO_HYDROLYSIS	0.000013	0.000008	0.000000
DHN_BOILER_GAS	0.000005	0.000001	0.000000
DHN_BOILER_WOOD	0.000008	0.000002	0.000000
DHN_BOILER_OIL	0.000002	0.000000	0.000000
DHN_DEEP_GEO	0.000000	0.000000	0.000000
DHN_SOLAR	0.000003	0.000000	0.000000
DEC_HP_ELEC	0.000017	0.000010	0.000000
DEC_THHP_GAS	344.240518	154.415237	0.000000
DEC_COGEN_GAS	0.000009	0.000010	0.000000
DEC_COGEN_OIL	0.000006	0.000006	0.000000
DEC_ADVCOGEN_GAS	0.000015	0.000005	0.000000
DEC_ADVCOGEN_H2	0.000011	0.000003	0.000000
DEC_BOILER_GAS	0.000013	0.000005	0.000000
DEC_BOILER_WOOD	0.000015	0.000006	0.000000
DEC_BOILER_OIL	0.000005	0.000003	0.000000
DEC_SOLAR	0.000059	0.000011	0.000000
DEC_DIRECT_ELEC	0.000005	0.000000	0.000000
DEC_THHP_GAS_COLD	0.000013	0.000006	0.000000
DEC_ELEC_COLD	0.000008	0.000005	0.000000
IND_ELEC_COLD	7.291160	1.010892	0.000000
TRAMWAY_TROLLEY	0.000000	0.000000	0.000000
BUS_COACH_DIESEL	608.141956	429.015978	0.000000
BUS_COACH_HYDIESEL	0.000000	0.000000	0.000000
BUS_COACH_CNG_STOICH	0.000000	0.000000	0.000000
BUS_COACH_FC_HYBRIDH2	0.000000	0.000000	0.000000
TRAIN_PUB	2013.675348	2174.109974	0.000000
CAR_GASOLINE	0.000007	0.000003	0.000000
CAR_DIESEL	0.000004	0.000002	0.000000
CAR_NG	0.000002	0.000001	0.000000
CAR_METHANOL	0.000005	0.000002	0.000000
CAR_HEV	0.000001	0.000001	0.000000
CAR_PHEV	0.000395	0.000271	0.000000
CAR_BEV	7632.378013	1622.460379	0.000000
CAR_FUEL_CELL	0.000002	0.000000	0.000000
TRAIN_FREIGHT	11.625236	6.955281	0.000000
BOAT_FREIGHT_DIESEL	0.000000	0.000000	0.000000
BOAT_FREIGHT_NG	0.000000	0.000000	0.000000
BOAT_FREIGHT_METHANOL	0.000000	0.000000	0.000000
TRUCK_DIESEL	0.000000	0.000000	0.000000
TRUCK_METHANOL	0.000005	0.000003	0.000000
TRUCK_FUEL_CELL	0.000005	0.000002	0.000000
TRUCK_ELEC	0.000000	0.000000	0.000000
TRUCK_NG	983.991149	685.733653	0.000000
HABER_BOSCH	0.000029	0.000009	0.000000
OIL_TO_HVC	3.378770	0.210601	0.000000
GAS_TO_HVC	0.000007	0.000003	0.000000
BIOMASS_TO_HVC	0.000019	0.000005	0.000000
METHANOL_TO_HVC	0.000006	0.000007	0.000000
SYN_METHANOLATION	0.000012	0.000004	0.000000
METHANE_TO_METHANOL	0.393749	0.282339	0.000000
BIOMASS_TO_METHANOL	0.000018	0.000003	0.000000
DAM_STORAGE	0.000000	0.000000	0.000000
PHS	1129.150361	0.000000	0.000000
BATT_LI	0.000030	0.000000	0.000000
BEV_BATT	0.000000	0.000000	0.000000
PHEV_BATT	0.000000	0.000000	0.000000
TS_DEC_DIRECT_ELEC	0.000018	0.000002	0.000000
TS_DEC_HP_ELEC	0.000018	0.000002	0.000000
TS_DEC_THHP_GAS	56.729869	6.818474	0.000000
TS_DEC_COGEN_GAS	0.000018	0.000002	0.000000
TS_DEC_COGEN_OIL	0.000018	0.000002	0.000000
TS_DEC_ADVCOGEN_GAS	0.000018	0.000002	0.000000
TS_DEC_ADVCOGEN_H2	0.000017	0.000002	0.000000
TS_DEC_BOILER_GAS	0.000018	0.000002	0.000000
TS_DEC_BOILER_WOOD	0.000018	0.000002	0.000000
TS_DEC_BOILER_OIL	0.000018	0.000002	0.000000
TS_DHN_DAILY	0.000021	0.000002	0.000000
TS_DHN_SEASONAL	4.228780	0.445519	0.000000
TS_HIGH_TEMP	0.000020	0.000004	0.000000
GAS_STORAGE	15.111507	13.848285	0.000000
H2_STORAGE	0.000221	0.000018	0.000000
DIESEL_STORAGE	0.000122	0.000083	0.000000
GASOLINE_STORAGE	0.000122	0.000083	0.000000
LFO_STORAGE	0.000123	0.000084	0.000000
AMMONIA_STORAGE	0.000123	0.000084	0.000000
METHANOL_STORAGE	0.003464	0.002361	0.000000
CO2_STORAGE	0.000209	0.000050	0.000000
PT_STORAGE	0.000000	0.000000	0.000000
ST_STORAGE	0.000000	0.000000	0.000000
TS_COLD	0.000175	0.000036	0.000000
CAES	0.000067	0.000191	0.000000
EFFICIENCY	0.000000	0.000000	0.000000
DHN	21.121042	0.000000	0.000000
GRID	1687.987066	0.000000	0.000000
PT_COLLECTOR	0.000000	0.000000	0.000000
ST_COLLECTOR	0.000000	0.000000	0.000000
H2_ELECTROLYSIS	0.000011	0.000001	0.000000
SMR	0.000027	0.000046	0.000000
H2_BIOMASS	0.000007	0.000006	0.000000
GASIFICATION_SNG	0.000007	0.000005	0.000000
SYN_METHANATION	0.000001	0.000008	0.000000
BIOMETHANATION	16.571846	3.462985	0.000000
BIO_HYDROLYSIS	0.000013	0.000010	0.000000
PYROLYSIS_TO_LFO	0.000010	0.000005	0.000000
PYROLYSIS_TO_FUELS	0.000007	0.000002	0.000000
ATM_CCS	0.000006	0.000004	0.000000
INDUSTRY_CCS	0.000006	0.000004	0.000000
AMMONIA_TO_H2	0.000003	0.000005	0.000000
ELECTRICITY	0.000000	0.000000	0.000024
GASOLINE	0.000000	0.000000	0.000009
DIESEL	0.000000	0.000000	772.890578
BIOETHANOL	0.000000	0.000000	0.000006
BIODIESEL	0.000000	0.000000	0.000010
LFO	0.000000	0.000000	95.501291
GAS	0.000000	0.000000	3073.935974
GAS_RE	0.000000	0.000000	0.000001
WOOD	0.000000	0.000000	0.000000
WET_BIOMASS	0.000000	0.000000	0.000000
COAL	0.000000	0.000000	0.000756
URANIUM	0.000000	0.000000	166.475431
WASTE	0.000000	0.000000	0.000041
H2	0.000000	0.000000	0.000000
H2_RE	0.000000	0.000000	0.000000
AMMONIA	0.000000	0.000000	7.283816
METHANOL	0.000000	0.000000	0.000033
AMMONIA_RE	0.000000	0.000000	0.000016
METHANOL_RE	0.000000	0.000000	0.000010
ELEC_EXPORT	0.000000	0.000000	0.000000
CO2_EMISSIONS	0.000000	0.000000	0.000000
RES_WIND	0.000000	0.000000	0.000000
RES_SOLAR	0.000000	0.000000	0.000000
RES_HYDRO	0.000000	0.000000	0.000000
RES_GEO	0.000000	0.000000	0.000000
CO2_ATM	0.000000	0.000000	0.000000
CO2_INDUSTRY	0.000000	0.000000	0.000000
CO2_CAPTURED	0.000000	0.000000	0.000000
PT_HEAT	0.000000	0.000000	0.000000
ST_HEAT	0.000000	0.000000	0.000000
