Name	C_inv	C_maint	C_op
NUCLEAR	0.000000	0.000000	0.000000
CCGT	1022.688838	506.174254	0.000000
CCGT_AMMONIA	0.000060	0.000029	0.000000
COAL_US	0.000000	0.000000	0.000000
COAL_IGCC	0.000149	0.000059	0.000000
PV_ROOFTOP	231.484249	63.223476	0.000000
PV_UTILITY	1426.031367	742.891467	0.000000
PT_POWER_BLOCK	0.000018	0.000022	0.000000
ST_POWER_BLOCK	23.027243	47.711553	0.000000
WIND_ONSHORE	2500.687346	884.570072	0.000000
WIND_OFFSHORE	0.000269	0.000062	0.000000
HYDRO_DAM	763.539548	114.200430	0.000000
HYDRO_RIVER	182.971201	54.732605	0.000000
TIDAL	0.000027	0.000049	0.000000
WAVE	0.000000	0.000000	0.000000
GEOTHERMAL	0.000295	0.000115	0.000000
IND_COGEN_GAS	0.000158	0.000199	0.000000
IND_COGEN_WOOD	0.000096	0.000068	0.000000
IND_COGEN_WASTE	0.000090	0.000065	0.000000
IND_BOILER_GAS	1.603113	0.399005	0.000000
IND_BOILER_WOOD	102.187927	25.388813	0.000000
IND_BOILER_OIL	0.000069	0.000018	0.000000
IND_BOILER_COAL	33.955871	8.436410	0.000000
IND_BOILER_WASTE	4.947429	1.229200	0.000000
IND_DIRECT_ELEC	181.697915	9.427074	0.000000
DHN_HP_ELEC	286.389477	179.869789	0.000000
DHN_COGEN_GAS	0.000181	0.000103	0.000000
DHN_COGEN_WOOD	0.000064	0.000046	0.000000
DHN_COGEN_WASTE	0.000076	0.000055	0.000000
DHN_COGEN_WET_BIOMASS	0.000054	0.000172	0.000000
DHN_COGEN_BIO_HYDROLYSIS	0.000139	0.000084	0.000000
DHN_BOILER_GAS	0.000023	0.000006	0.000000
DHN_BOILER_WOOD	0.000038	0.000010	0.000000
DHN_BOILER_OIL	0.000018	0.000005	0.000000
DHN_DEEP_GEO	0.000000	0.000000	0.000000
DHN_SOLAR	0.000051	0.000001	0.000000
DEC_HP_ELEC	0.002769	0.001617	0.000000
DEC_THHP_GAS	1159.208893	519.983869	0.000000
DEC_COGEN_GAS	0.000127	0.000133	0.000000
DEC_COGEN_OIL	0.000104	0.000103	0.000000
DEC_ADVCOGEN_GAS	0.000225	0.000077	0.000000
DEC_ADVCOGEN_H2	0.000188	0.000051	0.000000
DEC_BOILER_GAS	0.000200	0.000075	0.000000
DEC_BOILER_WOOD	0.000184	0.000080	0.000000
DEC_BOILER_OIL	0.000103	0.000077	0.000000
DEC_SOLAR	0.001157	0.000212	0.000000
DEC_DIRECT_ELEC	94.060798	5.120433	0.000000
DEC_THHP_GAS_COLD	320.226037	160.724439	0.000000
DEC_ELEC_COLD	3367.083048	2200.114300	0.000000
IND_ELEC_COLD	56.075504	7.774658	0.000000
TRAMWAY_TROLLEY	0.000000	0.000000	0.000000
BUS_COACH_DIESEL	3900.060753	2751.312194	0.000000
BUS_COACH_HYDIESEL	0.000000	0.000000	0.000000
BUS_COACH_CNG_STOICH	0.000000	0.000000	0.000000
BUS_COACH_FC_HYBRIDH2	0.000000	0.000000	0.000000
TRAIN_PUB	2013.675353	2174.109979	0.000000
CAR_GASOLINE	0.000442	0.000233	0.000000
CAR_DIESEL	0.000015	0.000007	0.000000
CAR_NG	0.000018	0.000009	0.000000
CAR_METHANOL	0.000015	0.000008	0.000000
CAR_HEV	0.000020	0.000014	0.000000
CAR_PHEV	0.000000	0.000000	0.000000
CAR_BEV	34549.442053	7344.382149	0.000000
CAR_FUEL_CELL	0.000015	0.000002	0.000000
TRAIN_FREIGHT	87.502019	52.351723	0.000000
BOAT_FREIGHT_DIESEL	0.000000	0.000000	0.000000
BOAT_FREIGHT_NG	0.000000	0.000000	0.000000
BOAT_FREIGHT_METHANOL	0.000000	0.000000	0.000000
TRUCK_DIESEL	0.000001	0.000001	0.000000
TRUCK_METHANOL	0.000017	0.000012	0.000000
TRUCK_FUEL_CELL	0.000090	0.000034	0.000000
TRUCK_ELEC	0.000001	0.000000	0.000000
TRUCK_NG	7406.405796	5161.450598	0.000000
HABER_BOSCH	0.000392	0.000116	0.000000
OIL_TO_HVC	147.619034	9.201205	0.000000
GAS_TO_HVC	0.000087	0.000040	0.000000
BIOMASS_TO_HVC	0.000238	0.000064	0.000000
METHANOL_TO_HVC	0.000068	0.000092	0.000000
SYN_METHANOLATION	0.000130	0.000040	0.000000
METHANE_TO_METHANOL	11.182402	8.018383	0.000000
BIOMASS_TO_METHANOL	0.000238	0.000033	0.000000
DAM_STORAGE	0.000000	0.000000	0.000000
PHS	153.001206	0.000000	0.000000
BATT_LI	0.000514	0.000008	0.000000
BEV_BATT	0.000000	0.000000	0.000000
PHEV_BATT	0.000000	0.000000	0.000000
TS_DEC_DIRECT_ELEC	107.034332	12.864666	0.000000
TS_DEC_HP_ELEC	0.000363	0.000044	0.000000
TS_DEC_THHP_GAS	126.988255	15.262968	0.000000
TS_DEC_COGEN_GAS	0.000288	0.000035	0.000000
TS_DEC_COGEN_OIL	0.000283	0.000034	0.000000
TS_DEC_ADVCOGEN_GAS	0.000282	0.000034	0.000000
TS_DEC_ADVCOGEN_H2	0.000277	0.000033	0.000000
TS_DEC_BOILER_GAS	0.000281	0.000034	0.000000
TS_DEC_BOILER_WOOD	0.000283	0.000034	0.000000
TS_DEC_BOILER_OIL	0.000282	0.000034	0.000000
TS_DHN_DAILY	0.000286	0.000025	0.000000
TS_DHN_SEASONAL	90.847478	9.571141	0.000000
TS_HIGH_TEMP	0.000364	0.000075	0.000000
GAS_STORAGE	55.691078	51.035673	0.000000
H2_STORAGE	0.003962	0.000330	0.000000
DIESEL_STORAGE	0.001388	0.000946	0.000000
GASOLINE_STORAGE	0.001381	0.000941	0.000000
LFO_STORAGE	0.001372	0.000935	0.000000
AMMONIA_STORAGE	0.001372	0.000935	0.000000
METHANOL_STORAGE	0.013262	0.009040	0.000000
CO2_STORAGE	0.003663	0.000880	0.000000
PT_STORAGE	0.000000	0.000000	0.000000
ST_STORAGE	0.000000	0.000000	0.000000
TS_COLD	1369.660127	282.182400	0.000000
CAES	11.124122	31.795799	0.000000
EFFICIENCY	0.000000	0.000000	0.000000
DHN	314.469583	0.000000	0.000000
GRID	2549.140922	0.000000	0.000000
PT_COLLECTOR	0.000052	0.000015	0.000000
ST_COLLECTOR	96.526908	100.000000	0.000000
H2_ELECTROLYSIS	0.000178	0.000016	0.000000
SMR	0.000338	0.000581	0.000000
H2_BIOMASS	0.000076	0.000064	0.000000
GASIFICATION_SNG	0.000082	0.000059	0.000000
SYN_METHANATION	0.000015	0.000088	0.000000
BIOMETHANATION	108.770193	22.729483	0.000000
BIO_HYDROLYSIS	0.000174	0.000139	0.000000
PYROLYSIS_TO_LFO	0.000115	0.000057	0.000000
PYROLYSIS_TO_FUELS	0.000077	0.000023	0.000000
ATM_CCS	0.000059	0.000043	0.000000
INDUSTRY_CCS	0.000061	0.000044	0.000000
AMMONIA_TO_H2	0.000036	0.000060	0.000000
ELECTRICITY	0.000000	0.000000	744.929686
GASOLINE	0.000000	0.000000	0.000074
DIESEL	0.000000	0.000000	4956.606156
BIOETHANOL	0.000000	0.000000	0.000064
BIODIESEL	0.000000	0.000000	0.000172
LFO	0.000000	0.000000	4172.469007
GAS	0.000000	0.000000	14260.839524
GAS_RE	0.000000	0.000000	0.000079
WOOD	0.000000	0.000000	0.000000
WET_BIOMASS	0.000000	0.000000	0.000000
COAL	0.000000	0.000000	618.026220
URANIUM	0.000000	0.000000	0.000000
WASTE	0.000000	0.000000	117.702326
H2	0.000000	0.000000	0.000002
H2_RE	0.000000	0.000000	0.000001
AMMONIA	0.000000	0.000000	892.483813
METHANOL	0.000000	0.000000	0.000440
AMMONIA_RE	0.000000	0.000000	0.000337
METHANOL_RE	0.000000	0.000000	0.000170
ELEC_EXPORT	0.000000	0.000000	0.000000
CO2_EMISSIONS	0.000000	0.000000	0.000000
RES_WIND	0.000000	0.000000	0.000000
RES_SOLAR	0.000000	0.000000	0.000000
RES_HYDRO	0.000000	0.000000	0.000000
RES_GEO	0.000000	0.000000	0.000000
CO2_ATM	0.000000	0.000000	0.000000
CO2_INDUSTRY	0.000000	0.000000	0.000000
CO2_CAPTURED	0.000000	0.000000	0.000000
PT_HEAT	0.000000	0.000000	0.000000
ST_HEAT	0.000000	0.000000	0.000000
