TECHNOLOGIES	 c_inv	 c_maint	 lifetime	  f_min	 f	 f_max	 fmin_perc	f_perc	 fmax_perc	 c_p	 c_p_max	 tau	 gwp_constr
 UNITS	[M€/GW]	 [M€/GW/y]	 [y]	 [GW or GWh]	 [GW or GWh]	 [GW or GWh]	 [0-1]	 [0-1]	 [0-1]	 [0-1]	 [0-1]	 [-]	 [ktCO2-eq./GW or GWh] 
NUCLEAR	0.000000	0.000000	60.000000	0.000000	0.000000	0.000000	0.000000	0.000000	1.000000	0.000000	0.850000	0.025393	0.000000
CCGT	0.001754	0.000042	25.000000	0.000000	0.000002	Infinity	0.000000	0.000000	1.000000	0.002720	0.955769	0.048263	0.000390
CCGT_AMMONIA	0.001178	0.000028	25.000000	0.000000	0.000001	Infinity	0.000000	0.000000	1.000000	0.001386	0.590000	0.048263	0.000262
COAL_US	0.000000	0.000000	35.000000	0.000000	0.000000	0.000000	0.000000	0.000000	1.000000	0.000000	0.862792	0.036934	0.000000
COAL_IGCC	0.001971	0.000029	35.000000	0.000000	0.000001	Infinity	0.000000	0.000000	1.000000	0.001136	0.850864	0.036934	0.000195
PV_ROOFTOP	4796.263681	63.223476	25.000000	6.500000	6.500000	98.800000	0.000000	0.013363	1.000000	0.161651	1.000000	0.048263	13529.295369
PV_UTILITY	57709.863774	1450.991069	25.000000	0.000000	172.061263	1217.000000	0.000000	0.405788	1.000000	0.185437	1.000000	0.048263	358133.474520
PT_POWER_BLOCK	0.000493	0.000030	25.000000	0.000000	0.000000	10.000000	0.000000	0.000000	1.000000	0.000193	1.000000	0.048263	0.000000
ST_POWER_BLOCK	450.103742	45.010374	25.000000	0.000000	9.002075	10.000000	0.000000	0.025022	1.000000	0.218555	1.000000	0.048263	0.000000
WIND_ONSHORE	193196.546391	2845.603971	30.000000	22.740000	169.179784	704.000000	0.000000	0.515301	1.000000	0.239492	1.000000	0.041639	105373.628603
WIND_OFFSHORE	0.011248	0.000109	30.000000	0.000000	0.000002	18.000000	0.000000	0.000000	1.000000	0.007435	1.000000	0.041639	0.001308
HYDRO_DAM	73312.037249	366.530578	40.000000	5.000000	17.452341	18.187000	0.000000	0.030889	1.000000	0.139165	1.000000	0.033427	29544.719285
HYDRO_RIVER	5473.738164	54.732606	40.000000	0.000000	1.085000	1.085000	0.000000	0.009636	1.000000	0.698322	1.000000	0.033427	1370.159691
TIDAL	0.001584	0.000098	40.000000	0.000000	0.000001	0.070000	0.000000	0.000000	1.000000	0.000297	1.000000	0.033427	0.000000
WAVE	0.000000	0.000000	20.000000	0.000000	0.000000	0.000000	0.000000	0.000000	0.000000	0.000000	1.000000	0.058246	0.000000
GEOTHERMAL	0.015805	0.000257	30.000000	0.000000	0.000002	3.200000	0.000000	0.000000	1.000000	0.013916	0.850000	0.041639	0.044955
IND_COGEN_GAS	0.001008	0.000061	25.000000	0.000000	0.000001	Infinity	0.000000	0.000000	1.000000	0.001291	0.844900	0.048263	0.000676
IND_COGEN_WOOD	0.001760	0.000061	25.000000	0.000000	0.000002	Infinity	0.000000	0.000000	1.000000	0.004744	0.844900	0.048263	0.000248
IND_COGEN_WASTE	0.001769	0.000062	25.000000	0.000000	0.000001	Infinity	0.000000	0.000000	1.000000	0.002281	0.844900	0.048263	0.000360
IND_BOILER_GAS	0.000961	0.000016	17.000000	0.000000	0.000014	Infinity	0.000000	0.000000	1.000000	0.003256	0.944300	0.067080	0.000168
IND_BOILER_WOOD	449.193276	7.486294	17.000000	0.000000	3.249843	Infinity	0.000000	0.037021	1.000000	0.206221	0.894600	0.067080	93.822962
IND_BOILER_OIL	0.000940	0.000017	17.000000	0.000000	0.000014	Infinity	0.000000	0.000000	1.000000	0.002321	0.944300	0.067080	0.000176
IND_BOILER_COAL	0.000987	0.000016	17.000000	0.000000	0.000007	Infinity	0.000000	0.000000	1.000000	0.002192	0.894600	0.067080	0.000344
IND_BOILER_WASTE	1999.020600	33.315850	17.000000	0.000000	14.462600	Infinity	0.000000	0.197551	1.000000	0.247276	0.894600	0.067080	417.535268
IND_DIRECT_ELEC	16748.966200	65.125923	15.000000	0.000000	43.197499	Infinity	0.000000	0.765428	1.000000	0.320771	0.944300	0.074944	63.500323
DHN_HP_ELEC	5526.411680	167.518510	25.000000	0.000000	13.965107	Infinity	0.000000	1.000000	1.000000	0.654037	0.944300	0.048263	2440.961002
DHN_COGEN_GAS	0.001164	0.000032	25.000000	0.000000	0.000001	Infinity	0.000000	0.000000	1.000000	0.001013	0.844900	0.048263	0.000420
DHN_COGEN_WOOD	0.001205	0.000042	25.000000	0.000000	0.000001	Infinity	0.000000	0.000000	1.000000	0.001765	0.844900	0.048263	0.000170
DHN_COGEN_WASTE	0.001517	0.000053	25.000000	0.000000	0.000000	Infinity	0.000000	0.000000	1.000000	0.001376	0.844900	0.048263	0.000309
DHN_COGEN_WET_BIOMASS	0.000580	0.000089	25.000000	0.000000	0.000000	Infinity	0.000000	0.000000	1.000000	0.001092	0.745500	0.048263	0.000398
DHN_COGEN_BIO_HYDROLYSIS	0.001484	0.000067	15.000000	0.000000	0.000000	Infinity	0.000000	0.000000	1.000000	0.001656	0.844900	0.074944	0.000195
DHN_BOILER_GAS	0.000260	0.000004	17.000000	0.000000	0.000004	Infinity	0.000000	0.000000	1.000000	0.001496	0.944300	0.067080	0.000045
DHN_BOILER_WOOD	0.000616	0.000010	17.000000	0.000000	0.000004	Infinity	0.000000	0.000000	1.000000	0.003658	0.894600	0.067080	0.000129
DHN_BOILER_OIL	0.000247	0.000004	17.000000	0.000000	0.000004	Infinity	0.000000	0.000000	1.000000	0.001418	0.944300	0.067080	0.000046
DHN_DEEP_GEO	0.000000	0.000000	30.000000	0.000000	0.000000	0.000000	0.000000	0.000000	1.000000	0.000000	0.844900	0.041639	0.000000
DHN_SOLAR	0.001569	0.000002	30.000000	0.000000	0.000004	407.000000	0.000000	0.000000	1.000000	0.005446	1.000000	0.041639	0.000910
DEC_HP_ELEC	30039.489885	1119.641441	18.000000	0.000000	53.187949	Infinity	0.000000	0.792245	1.000000	0.327844	1.000000	0.063806	8770.160925
DEC_THHP_GAS	0.002225	0.000058	20.000000	0.000000	0.000006	Infinity	0.000000	0.000000	1.000000	0.005625	1.000000	0.058246	0.002346
DEC_COGEN_GAS	0.001464	0.000089	20.000000	0.000000	0.000001	Infinity	0.000000	0.000000	1.000000	0.000896	1.000000	0.058246	0.000982
DEC_COGEN_OIL	0.001499	0.000087	20.000000	0.000000	0.000001	Infinity	0.000000	0.000000	1.000000	0.000925	1.000000	0.058246	0.001084
DEC_ADVCOGEN_GAS	0.002585	0.000052	20.000000	0.000000	0.000000	Infinity	0.000000	0.000000	1.000000	0.000483	1.000000	0.058246	0.000783
DEC_ADVCOGEN_H2	0.002752	0.000043	20.000000	0.000000	0.000000	Infinity	0.000000	0.000000	1.000000	0.000324	1.000000	0.058246	0.000657
DEC_BOILER_GAS	0.001728	0.000043	17.000000	0.000000	0.000009	Infinity	0.000000	0.000000	1.000000	0.002069	1.000000	0.067080	0.000192
DEC_BOILER_WOOD	0.002097	0.000061	17.000000	0.000000	0.000004	Infinity	0.000000	0.000000	1.000000	0.005008	1.000000	0.067080	0.000080
DEC_BOILER_OIL	0.001368	0.000068	17.000000	0.000000	0.000008	Infinity	0.000000	0.000000	1.000000	0.001954	1.000000	0.067080	0.000169
DEC_SOLAR	0.023576	0.000252	20.000000	0.000000	0.000031	407.000000	0.000000	0.000000	1.000000	0.036480	1.000000	0.058246	0.006885
DEC_DIRECT_ELEC	1857.736548	7.579160	15.000000	0.000000	42.598866	Infinity	0.000000	0.207754	1.000000	0.107343	1.000000	0.074944	62.620333
DEC_THHP_GAS_COLD	5890.692670	172.208974	20.000000	0.000000	17.359776	Infinity	0.000000	0.100000	0.100000	0.136543	1.000000	0.058246	6630.219112
DEC_ELEC_COLD	54001.587135	2251.427538	18.000000	0.000000	102.105557	Infinity	0.000000	0.900000	1.000000	0.208933	1.000000	0.063806	16836.185340
IND_ELEC_COLD	962.740065	7.774658	20.000000	0.000000	1.447795	Infinity	0.000000	1.000000	1.000000	0.950000	0.950000	0.058246	253.060042
TRAMWAY_TROLLEY	0.000000	0.000000	30.000000	0.000000	0.000000	Infinity	0.000000	0.000000	0.000000	0.000000	0.342466	0.041639	0.000000
BUS_COACH_DIESEL	36732.221331	1942.024137	15.000000	0.000000	63.557154	Infinity	0.000000	0.500000	1.000000	0.296804	0.296804	0.074944	0.000000
BUS_COACH_HYDIESEL	0.000000	0.000000	15.000000	0.000000	0.000000	Infinity	0.000000	0.000000	0.000000	0.000000	0.296804	0.074944	0.000000
BUS_COACH_CNG_STOICH	0.000000	0.000000	15.000000	0.000000	0.000000	Infinity	0.000000	0.000000	0.000000	0.000000	0.296804	0.074944	0.000000
BUS_COACH_FC_HYBRIDH2	0.000000	0.000000	15.000000	0.000000	0.000000	Infinity	0.000000	0.000000	0.000000	0.000000	0.296804	0.074944	0.000000
TRAIN_PUB	103280.092853	3727.411986	40.000000	40.000000	68.578168	Infinity	0.000000	0.500000	0.500000	0.275073	0.275073	0.033427	0.000000
CAR_GASOLINE	0.004046	0.000231	10.000000	0.000000	0.000010	Infinity	0.000000	0.000000	1.000000	0.004985	0.051370	0.108434	0.000000
CAR_DIESEL	0.000136	0.000008	10.000000	0.000000	0.000000	Infinity	0.000000	0.000000	1.000000	0.000198	0.051370	0.108434	0.000000
CAR_NG	0.000172	0.000010	10.000000	0.000000	0.000000	Infinity	0.000000	0.000000	1.000000	0.000236	0.051370	0.108434	0.000000
CAR_METHANOL	0.000112	0.000006	10.000000	0.000000	0.000000	Infinity	0.000000	0.000000	1.000000	0.000204	0.051370	0.108434	0.000000
CAR_HEV	0.000248	0.000020	10.000000	0.000000	0.000001	Infinity	0.000000	0.000000	1.000000	0.000338	0.051370	0.108434	0.000000
CAR_PHEV	0.000000	0.000000	10.000000	0.000000	0.000000	Infinity	0.000000	0.000000	1.000000	0.000000	0.051370	0.108434	0.000000
CAR_BEV	318621.329685	7344.382124	10.000000	0.000000	734.438212	Infinity	0.000000	1.000000	1.000000	0.051370	0.051370	0.108434	0.000000
CAR_FUEL_CELL	0.000149	0.000002	10.000000	0.000000	0.000000	Infinity	0.000000	0.000000	1.000000	0.000155	0.051370	0.108434	0.000000
TRAIN_FREIGHT	2617.696852	52.351723	40.000000	0.000000	25.068922	Infinity	0.000000	1.000000	1.000000	0.342466	0.342466	0.033427	0.000000
BOAT_FREIGHT_DIESEL	0.000000	0.000000	40.000000	0.000000	0.000000	Infinity	0.000000	0.000000	0.000000	0.000000	0.114155	0.033427	0.000000
BOAT_FREIGHT_NG	0.000000	0.000000	40.000000	0.000000	0.000000	Infinity	0.000000	0.000000	0.000000	0.000000	0.114155	0.033427	0.000000
BOAT_FREIGHT_METHANOL	0.000000	0.000000	40.000000	0.000000	0.000000	Infinity	0.000000	0.000000	0.000000	0.000000	0.114155	0.033427	0.000000
TRUCK_DIESEL	0.000069	0.000004	15.000000	0.000000	0.000000	Infinity	0.000000	0.000000	1.000000	0.000185	0.092593	0.074944	0.000000
TRUCK_METHANOL	0.000014	0.000001	15.000000	0.000000	0.000000	Infinity	0.000000	0.000000	1.000000	0.000044	0.092593	0.074944	0.000000
TRUCK_FUEL_CELL	119656.952130	3356.488263	15.000000	0.000000	278.162011	Infinity	0.000000	1.000000	1.000000	0.092593	0.092593	0.074944	0.000000
TRUCK_ELEC	0.000549	0.000014	15.000000	0.000000	0.000001	Infinity	0.000000	0.000000	1.000000	0.000611	0.092593	0.074944	0.000000
TRUCK_NG	0.000164	0.000009	15.000000	0.000000	0.000000	Infinity	0.000000	0.000000	1.000000	0.000435	0.092593	0.074944	0.000000
HABER_BOSCH	3071.055100	52.757526	20.000000	0.000000	3.185841	Infinity	0.000000	1.000000	1.000000	0.337645	0.994000	0.058246	0.000000
OIL_TO_HVC	0.001429	0.000007	15.000000	0.000000	0.000003	Infinity	0.000000	0.000000	1.000000	0.007702	0.994000	0.074944	0.000000
GAS_TO_HVC	0.001243	0.000027	25.000000	0.000000	0.000001	Infinity	0.000000	0.000000	1.000000	0.001136	0.994000	0.048263	0.000000
BIOMASS_TO_HVC	14510.302782	227.839401	20.000000	0.000000	4.381527	Infinity	0.000000	1.000000	1.000000	0.994000	0.994000	0.058246	0.000000
METHANOL_TO_HVC	0.001168	0.000092	20.000000	0.000000	0.000001	Infinity	0.000000	0.000000	1.000000	0.007433	0.994000	0.058246	0.000000
SYN_METHANOLATION	0.004019	0.000072	20.000000	0.000000	0.000002	Infinity	0.000000	0.000005	1.000000	0.008124	0.944300	0.058246	0.000000
METHANE_TO_METHANOL	0.001402	0.000049	25.000000	0.000000	0.000001	Infinity	0.000000	0.000002	1.000000	0.003361	0.844900	0.048263	0.000000
BIOMASS_TO_METHANOL	778.550433	6.260274	20.000000	0.000000	0.162605	Infinity	0.000000	0.999993	1.000000	0.994000	0.994000	0.058246	0.000000
DAM_STORAGE	0.000000	0.000000	1.000000	0.000000	7735.616796	8192.000000	0.000000	-1.000000	1.000000	0.000272	1.000000	1.015000	
PHS	5354.982081	0.000000	50.000000	20.000000	49.999833	50.000000	0.000000	-1.000000	1.000000	0.034092	1.000000	0.028572	
BATT_LI	0.007876	0.000010	15.000000	0.000000	0.000016	Infinity	0.000000	-1.000000	1.000000	0.004507	1.000000	0.074944	
BEV_BATT	0.000000	0.000000	1.000000	0.000000	728.609338	Infinity	0.000000	-1.000000	1.000000	0.003398	1.000000	1.015000	
PHEV_BATT	0.000000	0.000000	1.000000	0.000000	0.000000	0.000000	0.000000	-1.000000	1.000000	0.000000	1.000000	1.015000	
TS_DEC_DIRECT_ELEC	2379.317015	16.656812	20.000000	0.000000	125.425251	Infinity	0.000000	-1.000000	1.000000	0.027179	1.000000	0.058246	
TS_DEC_HP_ELEC	3488.649073	24.422879	20.000000	0.000000	183.903483	Infinity	0.000000	-1.000000	1.000000	0.033433	1.000000	0.058246	
TS_DEC_THHP_GAS	0.004764	0.000033	20.000000	0.000000	0.000251	Infinity	0.000000	-1.000000	1.000000	0.002346	1.000000	0.058246	
TS_DEC_COGEN_GAS	0.004787	0.000034	20.000000	0.000000	0.000252	Infinity	0.000000	-1.000000	1.000000	0.001187	1.000000	0.058246	
TS_DEC_COGEN_OIL	0.004819	0.000034	20.000000	0.000000	0.000254	Infinity	0.000000	-1.000000	1.000000	0.001224	1.000000	0.058246	
TS_DEC_ADVCOGEN_GAS	0.004734	0.000033	20.000000	0.000000	0.000250	Infinity	0.000000	-1.000000	1.000000	0.000855	1.000000	0.058246	
TS_DEC_ADVCOGEN_H2	0.004698	0.000033	20.000000	0.000000	0.000248	Infinity	0.000000	-1.000000	1.000000	0.000747	1.000000	0.058246	
TS_DEC_BOILER_GAS	0.004779	0.000033	20.000000	0.000000	0.000252	Infinity	0.000000	-1.000000	1.000000	0.001680	1.000000	0.058246	
TS_DEC_BOILER_WOOD	0.004842	0.000034	20.000000	0.000000	0.000255	Infinity	0.000000	-1.000000	1.000000	0.002221	1.000000	0.058246	
TS_DEC_BOILER_OIL	0.004824	0.000034	20.000000	0.000000	0.000254	Infinity	0.000000	-1.000000	1.000000	0.001768	1.000000	0.058246	
TS_DHN_DAILY	0.008606	0.000025	40.000000	0.000000	0.002869	Infinity	0.000000	-1.000000	1.000000	0.001723	1.000000	0.033427	
TS_DHN_SEASONAL	2534.201654	12.885771	25.000000	0.000000	4295.257042	Infinity	0.000000	-1.000000	1.000000	0.000814	1.000000	0.048263	
TS_HIGH_TEMP	4668.322705	46.633263	25.000000	0.000000	166.547367	Infinity	0.000000	-1.000000	1.000000	0.037686	1.000000	0.048263	
GAS_STORAGE	615.465642	16.114909	50.000000	0.000000	12309.312837	Infinity	0.000000	-1.000000	1.000000	0.000125	1.000000	0.028572	
H2_STORAGE	1462.774442	7.089375	20.000000	0.000000	236.312511	Infinity	0.000000	-1.000000	1.000000	0.004933	1.000000	0.058246	
DIESEL_STORAGE	0.036384	0.001444	20.000000	0.000000	3.638366	Infinity	0.000000	-1.000000	1.000000	0.000165	1.000000	0.058246	
GASOLINE_STORAGE	0.036453	0.001447	20.000000	0.000000	3.645348	Infinity	0.000000	-1.000000	1.000000	0.000000	1.000000	0.058246	
LFO_STORAGE	0.036176	0.001436	20.000000	0.000000	3.617584	Infinity	0.000000	-1.000000	1.000000	0.000000	1.000000	0.058246	
AMMONIA_STORAGE	16.163572	0.641694	20.000000	0.000000	1616.357215	Infinity	0.000000	-1.000000	1.000000	0.000439	1.000000	0.058246	
METHANOL_STORAGE	0.052402	0.002080	20.000000	0.000000	5.240153	Infinity	0.000000	-1.000000	1.000000	0.000163	1.000000	0.058246	
CO2_STORAGE	0.083894	0.000839	30.000000	0.000000	0.001695	Infinity	0.000000	-1.000000	1.000000	0.000055	1.000000	0.041639	
PT_STORAGE	0.000000	0.000000	25.000000	0.000000	0.000000	0.000000	0.000000	-1.000000	1.000000	0.000000	1.000000	0.048263	
ST_STORAGE	0.000000	0.000000	25.000000	0.000000	0.000000	0.000000	0.000000	-1.000000	1.000000	0.000000	1.000000	0.048263	
TS_COLD	22676.171910	272.114063	20.000000	0.000000	907.046876	Infinity	0.000000	-1.000000	1.000000	0.012228	1.000000	0.058246	
CAES	389.370768	31.798246	50.000000	0.000000	9.999763	10.000000	0.000000	-1.000000	1.000000	0.038958	1.000000	0.028572	
EFFICIENCY	0.000000	0.000000	1.000000	0.000000	0.985222	Infinity	0.000000	-1.000000	1.000000	0.000000	1.000000	1.015000	
DHN	12177.418274	0.000000	60.000000	0.000000	14.744779	Infinity	0.000000	-1.000000	1.000000	0.000000	1.000000	0.025393	
GRID	192063.745984	0.000000	80.000000	0.000000	2.563617	Infinity	0.000000	-1.000000	1.000000	0.000000	1.000000	0.021548	
PT_COLLECTOR	0.001537	0.000021	25.000000	0.000000	0.000000	20.000000	0.000000	-1.000000	1.000000	0.000449	1.000000	0.048263	
ST_COLLECTOR	1999.999997	100.000000	25.000000	0.000000	20.000000	20.000000	0.000000	-1.000000	1.000000	0.205668	1.000000	0.048263	
H2_ELECTROLYSIS	43254.240560	297.372917	15.000000	0.000000	15.532205	Infinity	0.000000	-1.000000	1.000000	0.804880	0.894600	0.074944	
SMR	766.269168	63.681859	25.000000	0.000000	0.988314	Infinity	0.000000	-1.000000	1.000000	0.203016	0.854840	0.048263	
H2_BIOMASS	0.001944	0.000079	25.000000	0.000000	0.000000	Infinity	0.000000	-1.000000	1.000000	0.001963	0.854840	0.048263	
GASIFICATION_SNG	0.002893	0.000101	25.000000	0.000000	0.000001	Infinity	0.000000	-1.000000	1.000000	0.005494	0.844900	0.048263	
SYN_METHANATION	0.001848	0.000354	40.000000	0.000000	0.000005	Infinity	0.000000	-1.000000	1.000000	0.018264	1.000000	0.033427	
BIOMETHANATION	0.010699	0.000130	20.000000	0.000000	0.000010	Infinity	0.000000	-1.000000	1.000000	0.080019	0.844900	0.058246	
BIO_HYDROLYSIS	4267.353555	255.645159	15.000000	0.000000	2.355364	Infinity	0.000000	-1.000000	1.000000	0.844900	0.844900	0.074944	
PYROLYSIS_TO_LFO	0.005286	0.000126	25.000000	0.000000	0.000002	Infinity	0.000000	-1.000000	1.000000	0.017356	0.844900	0.048263	
PYROLYSIS_TO_FUELS	0.001616	0.000024	25.000000	0.000000	0.000001	Infinity	0.000000	-1.000000	1.000000	0.000982	0.844900	0.048263	
ATM_CCS	0.002580	0.000063	40.000000	0.000000	0.000000	Infinity	0.000000	-1.000000	1.000000	0.001730	1.000000	0.033427	
INDUSTRY_CCS	0.002760	0.000067	40.000000	0.000000	0.000001	Infinity	0.000000	-1.000000	1.000000	0.004357	1.000000	0.033427	
AMMONIA_TO_H2	0.002795	0.000227	25.000000	0.000000	0.000004	Infinity	0.000000	-1.000000	1.000000	0.008037	0.854840	0.048263	