Name	C_inv	C_maint	C_op
NUCLEAR	0.000000	0.000000	0.000000
CCGT	0.000085	0.000042	0.000000
CCGT_AMMONIA	0.000057	0.000028	0.000000
COAL_US	0.000000	0.000000	0.000000
COAL_IGCC	0.000073	0.000029	0.000000
PV_ROOFTOP	231.484251	63.223476	0.000000
PV_UTILITY	2785.277350	1450.991069	0.000000
PT_POWER_BLOCK	0.000024	0.000030	0.000000
ST_POWER_BLOCK	21.723561	45.010374	0.000000
WIND_ONSHORE	8044.547367	2845.603971	0.000000
WIND_OFFSHORE	0.000468	0.000109	0.000000
HYDRO_DAM	2450.608925	366.530578	0.000000
HYDRO_RIVER	182.971202	54.732606	0.000000
TIDAL	0.000053	0.000098	0.000000
WAVE	0.000000	0.000000	0.000000
GEOTHERMAL	0.000658	0.000257	0.000000
IND_COGEN_GAS	0.000049	0.000061	0.000000
IND_COGEN_WOOD	0.000085	0.000061	0.000000
IND_COGEN_WASTE	0.000085	0.000062	0.000000
IND_BOILER_GAS	0.000064	0.000016	0.000000
IND_BOILER_WOOD	30.131731	7.486294	0.000000
IND_BOILER_OIL	0.000063	0.000017	0.000000
IND_BOILER_COAL	0.000066	0.000016	0.000000
IND_BOILER_WASTE	134.093616	33.315850	0.000000
IND_DIRECT_ELEC	1255.240480	65.125923	0.000000
DHN_HP_ELEC	266.723715	167.518510	0.000000
DHN_COGEN_GAS	0.000056	0.000032	0.000000
DHN_COGEN_WOOD	0.000058	0.000042	0.000000
DHN_COGEN_WASTE	0.000073	0.000053	0.000000
DHN_COGEN_WET_BIOMASS	0.000028	0.000089	0.000000
DHN_COGEN_BIO_HYDROLYSIS	0.000111	0.000067	0.000000
DHN_BOILER_GAS	0.000017	0.000004	0.000000
DHN_BOILER_WOOD	0.000041	0.000010	0.000000
DHN_BOILER_OIL	0.000017	0.000004	0.000000
DHN_DEEP_GEO	0.000000	0.000000	0.000000
DHN_SOLAR	0.000065	0.000002	0.000000
DEC_HP_ELEC	1916.693136	1119.641441	0.000000
DEC_THHP_GAS	0.000130	0.000058	0.000000
DEC_COGEN_GAS	0.000085	0.000089	0.000000
DEC_COGEN_OIL	0.000087	0.000087	0.000000
DEC_ADVCOGEN_GAS	0.000151	0.000052	0.000000
DEC_ADVCOGEN_H2	0.000160	0.000043	0.000000
DEC_BOILER_GAS	0.000116	0.000043	0.000000
DEC_BOILER_WOOD	0.000141	0.000061	0.000000
DEC_BOILER_OIL	0.000092	0.000068	0.000000
DEC_SOLAR	0.001373	0.000252	0.000000
DEC_DIRECT_ELEC	139.226869	7.579160	0.000000
DEC_THHP_GAS_COLD	343.107729	172.208974	0.000000
DEC_ELEC_COLD	3445.613484	2251.427538	0.000000
IND_ELEC_COLD	56.075504	7.774658	0.000000
TRAMWAY_TROLLEY	0.000000	0.000000	0.000000
BUS_COACH_DIESEL	2752.872659	1942.024137	0.000000
BUS_COACH_HYDIESEL	0.000000	0.000000	0.000000
BUS_COACH_CNG_STOICH	0.000000	0.000000	0.000000
BUS_COACH_FC_HYBRIDH2	0.000000	0.000000	0.000000
TRAIN_PUB	3452.354167	3727.411986	0.000000
CAR_GASOLINE	0.000439	0.000231	0.000000
CAR_DIESEL	0.000015	0.000008	0.000000
CAR_NG	0.000019	0.000010	0.000000
CAR_METHANOL	0.000012	0.000006	0.000000
CAR_HEV	0.000027	0.000020	0.000000
CAR_PHEV	0.000000	0.000000	0.000000
CAR_BEV	34549.441935	7344.382124	0.000000
CAR_FUEL_CELL	0.000016	0.000002	0.000000
TRAIN_FREIGHT	87.502019	52.351723	0.000000
BOAT_FREIGHT_DIESEL	0.000000	0.000000	0.000000
BOAT_FREIGHT_NG	0.000000	0.000000	0.000000
BOAT_FREIGHT_METHANOL	0.000000	0.000000	0.000000
TRUCK_DIESEL	0.000005	0.000004	0.000000
TRUCK_METHANOL	0.000001	0.000001	0.000000
TRUCK_FUEL_CELL	8967.613177	3356.488263	0.000000
TRUCK_ELEC	0.000041	0.000014	0.000000
TRUCK_NG	0.000012	0.000009	0.000000
HABER_BOSCH	178.875864	52.757526	0.000000
OIL_TO_HVC	0.000107	0.000007	0.000000
GAS_TO_HVC	0.000060	0.000027	0.000000
BIOMASS_TO_HVC	845.163263	227.839401	0.000000
METHANOL_TO_HVC	0.000068	0.000092	0.000000
SYN_METHANOLATION	0.000234	0.000072	0.000000
METHANE_TO_METHANOL	0.000068	0.000049	0.000000
BIOMASS_TO_METHANOL	45.347243	6.260274	0.000000
DAM_STORAGE	0.000000	0.000000	0.000000
PHS	153.000852	0.000000	0.000000
BATT_LI	0.000590	0.000010	0.000000
BEV_BATT	0.000000	0.000000	0.000000
PHEV_BATT	0.000000	0.000000	0.000000
TS_DEC_DIRECT_ELEC	138.585070	16.656812	0.000000
TS_DEC_HP_ELEC	203.198932	24.422879	0.000000
TS_DEC_THHP_GAS	0.000277	0.000033	0.000000
TS_DEC_COGEN_GAS	0.000279	0.000034	0.000000
TS_DEC_COGEN_OIL	0.000281	0.000034	0.000000
TS_DEC_ADVCOGEN_GAS	0.000276	0.000033	0.000000
TS_DEC_ADVCOGEN_H2	0.000274	0.000033	0.000000
TS_DEC_BOILER_GAS	0.000278	0.000033	0.000000
TS_DEC_BOILER_WOOD	0.000282	0.000034	0.000000
TS_DEC_BOILER_OIL	0.000281	0.000034	0.000000
TS_DHN_DAILY	0.000288	0.000025	0.000000
TS_DHN_SEASONAL	122.309325	12.885771	0.000000
TS_HIGH_TEMP	225.309378	46.633263	0.000000
GAS_STORAGE	17.584889	16.114909	0.000000
H2_STORAGE	85.200374	7.089375	0.000000
DIESEL_STORAGE	0.002119	0.001444	0.000000
GASOLINE_STORAGE	0.002123	0.001447	0.000000
LFO_STORAGE	0.002107	0.001436	0.000000
AMMONIA_STORAGE	0.941459	0.641694	0.000000
METHANOL_STORAGE	0.003052	0.002080	0.000000
CO2_STORAGE	0.003493	0.000839	0.000000
PT_STORAGE	0.000000	0.000000	0.000000
ST_STORAGE	0.000000	0.000000	0.000000
TS_COLD	1320.790320	272.114063	0.000000
CAES	11.124978	31.798246	0.000000
EFFICIENCY	0.000000	0.000000	0.000000
DHN	309.226387	0.000000	0.000000
GRID	4138.651651	0.000000	0.000000
PT_COLLECTOR	0.000074	0.000021	0.000000
ST_COLLECTOR	96.526908	100.000000	0.000000
H2_ELECTROLYSIS	3241.661188	297.372917	0.000000
SMR	36.982797	63.681859	0.000000
H2_BIOMASS	0.000094	0.000079	0.000000
GASIFICATION_SNG	0.000140	0.000101	0.000000
SYN_METHANATION	0.000062	0.000354	0.000000
BIOMETHANATION	0.000623	0.000130	0.000000
BIO_HYDROLYSIS	319.814063	255.645159	0.000000
PYROLYSIS_TO_LFO	0.000255	0.000126	0.000000
PYROLYSIS_TO_FUELS	0.000078	0.000024	0.000000
ATM_CCS	0.000086	0.000063	0.000000
INDUSTRY_CCS	0.000092	0.000067	0.000000
AMMONIA_TO_H2	0.000135	0.000227	0.000000
ELECTRICITY	0.000000	0.000000	750.014279
GASOLINE	0.000000	0.000000	0.000056
DIESEL	0.000000	0.000000	2997.447546
BIOETHANOL	0.000000	0.000000	0.000082
BIODIESEL	0.000000	0.000000	754.674240
LFO	0.000000	0.000000	0.000283
GAS	0.000000	0.000000	0.000233
GAS_RE	0.000000	0.000000	0.000014
WOOD	0.000000	0.000000	0.000000
WET_BIOMASS	0.000000	0.000000	0.000000
COAL	0.000000	0.000000	0.000074
URANIUM	0.000000	0.000000	0.000000
WASTE	0.000000	0.000000	881.793755
H2	0.000000	0.000000	0.000001
H2_RE	0.000000	0.000000	0.000034
AMMONIA	0.000000	0.000000	0.000132
METHANOL	0.000000	0.000000	0.000202
AMMONIA_RE	0.000000	0.000000	0.001222
METHANOL_RE	0.000000	0.000000	0.000899
ELEC_EXPORT	0.000000	0.000000	0.000000
CO2_EMISSIONS	0.000000	0.000000	0.000000
RES_WIND	0.000000	0.000000	0.000000
RES_SOLAR	0.000000	0.000000	0.000000
RES_HYDRO	0.000000	0.000000	0.000000
RES_GEO	0.000000	0.000000	0.000000
CO2_ATM	0.000000	0.000000	0.000000
CO2_INDUSTRY	0.000000	0.000000	0.000000
CO2_CAPTURED	0.000000	0.000000	0.000000
PT_HEAT	0.000000	0.000000	0.000000
ST_HEAT	0.000000	0.000000	0.000000
